data/static/orig/asp_rofental_100.dat
ncols         183
nrows         158
xllcorner     629823,17944444
yllcorner     5180158,5011111
cellsize      100
NODATA_value  -9999
[rows 112 to 139 of 158, columns 64 to 127 of 183]
315.4292 293.9109 269.4711 274.2054 336.0877 334.2152 335.4926 1.789911 83.93821 79.99202 74.70345 90.45114 101.8215 118.7524 138.7685 143.387 130.9407 112.775 105.7771 102.5288 99.55711 97.28403 97.43141 95.41702 73.55962 8.583621 322.696 296.4583 291.4205 286.5258 279.4321 280.578 290.3764 308.0115 312.1376 312.3736 295.6557 273.8879 263.1221 254.9221 254.9315 264.134 281.8997 325.6012 349.4978 356.0157 348.8962 337.4632 322.5362 315.4547 319.3323 301.0271 269.2748 124.6182 129.3258 130.1072 117.3499 100.7658 88.84655 87.58534 92.71114 97.34717 108.435 132.4092
325.3852 322.0958 313.3556 305.9605 306.511 318.9863 358.5607 75.61139 84.67426 77.04723 84.01185 95.69345 101.9969 103.1548 106.9553 106.8438 100.271 95.45155 89.20428 88.9306 95.82072 100.2407 98.0295 91.7534 48.65222 334.406 333.2853 303.9675 292.9887 293.542 285.1859 278.9558 283.5023 300.3322 309.9869 313.8983 317.4681 302.716 275.1944 259.2285 261.5911 251.1468 233.1301 235.4033 257.6753 331.7458 348.6901 334.9228 328.0616 323.0591 324.411 306.2926 127.6353 121.4834 124.8085 129.8499 132.4105 123.5224 119.1886 116.0101 107.066 97.85877 100.0899 112.1779
330.7986 329.3646 332.5385 321.736 305.9941 272.6425 141.1939 120.9638 110.6661 117.1323 103.8824 89.00653 87.94235 89.30972 74.74488 76.48747 97.95078 95.14276 86.12875 92.65069 98.66061 99.90418 97.72864 89.63506 346.2184 311.154 331.7898 312.9399 288.291 280.9141 273.5615 268.4969 271.0694 283.7909 305.9982 309.2894 319.3432 331.5788 316.0416 289.0156 277.1555 271.6748 254.5778 237.938 224.6155 219.0713 231.624 277.8614 308.0416 330.9454 346.9209 43.59425 107.0923 118.7151 115.0836 113.9225 127.3694 135.6511 134.643 136.8417 137.3416 125.3358 113.1986 112.6987
328.2684 329.8638 331.7503 318.8682 333.3112 119.6992 148.0693 142.9575 132.4776 136.0512 136.7463 97.5326 79.01935 74.20546 68.77235 84.80557 90.27949 88.58558 96.50401 101.2651 102.6927 100.6789 97.00938 81.57303 315 296.834 316.9091 322.2942 299.9457 289.5678 289.3232 284.3193 278.8152 278.7114 297.2391 309.7529 322.4186 345.8947 339.291 313.1672 286.2849 273.9576 278.0171 268.5498 244.6284 233.2759 228.9532 239.5272 252.8328 262.5227 292.5573 87.05241 93.45811 95.41187 87.69094 94.28915 110.2701 124.992 129.5508 133.0979 137.8271 130.0497 120.7291 120.7097
327.882 332.7649 327.4332 322.1758 29.77557 81.25384 119.1343 145.1993 144.7564 132.5707 137.3278 132.0892 117.9169 101.8215 92.03091 87.02198 75.89169 86.14936 101.4776 103.1269 103.7767 101.2369 87.56335 44.09062 319.514 292.249 298.94 319.8739 315 300.6354 298.0609 295.3014 291.6786 290.1363 294.3411 301.0259 317.6195 347.1786 341.3331 328.7716 303.9436 282.019 286.6388 302.8378 307.4054 291.7474 276.4935 261.8699 244.0256 228.5215 199.6657 122.3775 94.10387 76.80939 88.43065 100.2269 104.1622 109.03 115.4841 118.3755 123.0667 123.5034 121.8718 121.5043
341.2647 343.7708 330.9703 335.7006 46.6444 76.81294 98.40068 129.6678 153.6819 141.8428 121.0752 119.6667 126.3935 131.5578 121.0973 106.9598 103.134 107.7515 108.6654 106.4922 105.3556 100.5278 75.30268 25.90651 319.2679 290.1259 288.4349 308.3107 326.7251 313.4434 301.2637 297.929 300.2308 298.6769 276.5739 276.009 294.6236 332.7158 333.0478 338.4481 331.4769 290.3084 275.3558 281.5532 297.8973 302.9977 291.1461 281.4006 274.1561 273.1411 218.6598 125.4011 130.3893 136.1644 123.0888 108.2474 95.62675 89.86194 93.32741 103.0231 115.448 122.8249 123.4287 123.5437
344.3205 341.9315 330.1011 140.3145 119.3842 91.68468 83.70318 87.15534 130.3999 157.2759 123.6901 106.742 108.1302 130.1634 144.3891 139.0856 128.7966 117.5858 112.4832 109.2786 106.4086 99.70665 77.85572 20.09523 313.3397 298.3008 289.55 295.6202 321.2098 326.3626 310.1984 302.0217 301.866 301.6755 273.5035 274.3729 288.0343 317.1476 324.9262 337.1094 341.5651 308.9115 282.5288 282.6927 294.2648 305.3313 298.8866 286.1573 283.9027 280.7029 124.8457 123.0823 141.2581 155.2249 146.4787 125.9386 107.1759 96.53214 96.50306 105.9031 116.0182 120.0464 120.8329 122.1773
217.6942 190.7389 158.1986 156.6891 159.118 123.2411 91.37483 86.68222 104.1189 143.9726 124.5085 101.5346 92.77022 101.9933 124.1918 131.7398 131.1378 125.024 118.6781 112.9467 107.7188 98.1301 71.56505 340.9423 312.8184 308.5341 299.3003 291.6087 302.3578 322.4069 313.0419 304.0379 305.7165 302.6609 291.1495 287.7839 285.5416 295.7693 321.4188 339.121 341.8962 331.0399 299.6045 296.7321 309.1736 317.9737 313.4725 306.6965 285.2551 198.5911 144.8584 121.7435 122.2288 144.7564 151.9661 147.1837 137.15 127.8529 122.074 117.7934 118.285 120.308 121.6805 119.6179
187.1885 162.0895 146.9186 158.1412 163.6309 149.2127 119.4337 99.38914 88.21009 95.30093 103.7995 98.93562 90.2459 79.13594 76.51694 96.24191 111.8299 120.2564 121.3786 115.6022 106.5044 88.40886 5.826342 328.5232 311.3381 305.0316 305.3237 304.584 307.2149 317.4366 309.144 301.866 318.5763 299.1199 295.6079 301.7595 300.7275 301.8275 330.2126 346.6075 346.4568 341.8544 300.1735 294.9547 320.4727 345.8378 342.5042 333.5437 141.1155 152.4215 153.8101 131.0548 118.8503 125.9807 132.5576 139.1321 139.9777 135.3708 127.2925 112.9887 109.2675 111.5088 114.4165 112.7782
185.3009 157.6403 134.7541 152.8076 158.9625 146.3653 128.7791 105.452 80.99149 65.48035 77.73523 92.69428 92.5895 84.55967 92.55615 103.8812 109.0751 112.5902 115.2986 114.0959 101.3099 28.85566 337.1094 322.0523 311.0397 303.5866 308.3952 310.4562 314.0122 318.4109 298.9336 293.459 327.6606 320.7334 308.5126 322.9893 319.8566 309.833 333.2962 351.6561 354.5597 349.992 298.5596 283.9639 303.298 349.321 11.5405 63.43495 110.311 116.2319 126.4509 118.706 110.3026 108.583 111.0923 117.737 125.8012 125.5817 120.9638 112.5862 104.1296 100.1093 97.5684 92.19057
173.8845 160.1278 118.996 117.0186 137.1211 137.7758 132.6627 119.2488 107.2717 102.0306 104.9729 102.8937 94.44739 105.7247 117.212 120.8014 120.6873 116.9395 112.3569 101.8215 9.637538 350.8698 341.8619 318.2397 310.7895 301.9726 299.2593 294.0013 290.1087 291.1941 279.3815 289.109 312.3575 323.3832 317.5603 331.7765 317.6719 306.2273 326.9761 356.9872 1.606003 353.7742 307.5348 280.1755 278.2175 320.3893 67.02557 83.89069 82.70306 71.85081 67.56254 72.56512 78.854 95.95879 107.0897 97.97677 82.49265 81.80389 96.37925 104.4556 100.0773 92.13324 86.53177 80.19391
128.2902 128.0888 103.7995 101.0883 113.9903 125.0958 127.875 121.7989 111.8014 110.1126 107.0329 111.7443 122.9262 129.0794 127.711 124.7092 122.3698 117.8195 102.2005 29.42746 342.0721 351.7475 345.9637 318.3178 309.5732 298.3477 286.6208 278.4816 282.2914 303.8182 310.4752 299.4244 304.4949 316.3019 321.0485 329.0363 313.0519 312.0069 332.4958 3.43363 357.2208 346.2827 308.4033 281.6721 276.9749 296.5651 61.67879 57.86423 53.59591 45.75717 48.17983 60.98092 76.24921 87.30219 90.73926 79.9025 69.33388 82.02323 93.10603 94.27278 86.71912 74.64632 65.99599 54.18884
188.8418 172.9542 121.0973 117.1124 126.3218 139.4296 142.2369 150.5498 147.6334 130.4426 128.0048 130.4462 132.5105 133.1524 129.8949 124.4739 117.8241 111.1247 30.96376 346.8094 343.264 3.814075 339.0265 311.7845 311.4237 309.6266 300.8768 290.2727 298.5596 322.5761 324.8036 311.002 313.1464 325.114 332.8649 328.4486 320.1398 326.1006 350.6045 15.25512 351.0983 327.9946 304.6513 270.971 258.5905 251.143 48.87126 50.99951 45 40.39991 53.09925 78.19138 99.31205 107.0205 106.7538 114.0959 117.7185 109.7058 101.0669 85.99982 66.40744 54.46232 45.25465 27.74104
200.8357 204.2981 135.9992 126.1258 139.1182 156.4566 159.6974 161.9611 162.4955 150.9821 142.1805 136.5224 132.1105 128.2796 126.1007 122.1712 105.8712 76.39027 323.0171 330.7672 345.3581 5.370995 332.1759 306.9067 311.2937 323.3973 327.6804 305.2282 299.2593 315.3884 323.3902 317.1966 321.7098 335.7941 339.8713 330.9454 323.4034 332.6501 6.340192 23.90766 353.9276 321.3402 306.2538 268.6938 244.6643 247.7263 292.2759 48.43766 37.89873 36.22615 63.0865 86.82017 99.37415 106.6567 105.0413 94.19767 96.62267 92.83411 76.21093 57.80427 49.08562 42.96497 32.24247 14.93142
200.0715 208.7216 161.6736 123.9255 132.4806 153.695 160.7007 164.0546 162.0455 152.609 142.5238 134.231 132.914 129.3296 125.748 123.4194 83.65981 23.96249 323.4986 323.0357 343.4429 352.2164 327.8214 305.6553 305.2658 318.8535 336.3179 320.0131 304.5452 309.8347 317.8793 319.5347 329.4612 332.4699 342.116 346.8368 329.0363 340.5297 11.30993 13.06932 354.1226 335.7541 315 293.4679 285.6194 279.6343 288.7186 40.6636 38.89994 59.95716 84.35175 89.29917 82.75082 65.0797 41.02327 50.0974 61.8584 61.41951 54.76178 49.49715 44.34522 36.96056 25.09625 8.249344
194.8628 214.0662 192.4975 129.8636 125.7761 143.6674 149.0362 158.5836 161.565 153.2251 146.1095 137.2755 134.1606 129.8289 124.2157 123.2749 1.84761 5.572198 326.9293 314.3839 336.218 336.7139 323.7937 309.5485 305.054 306.9684 318.7931 318.265 312.4489 313.1913 316.922 322.0208 329.5201 312.2148 330.6274 7.373766 344.9457 355.156 5.762633 0.4814658 350.6108 339.6916 323.2858 300.489 294.6659 292.1726 289.2077 85.79464 104.2872 110.3494 98.45621 88.2643 70.34618 47.98863 44.18927 62.52557 68.19859 61.51416 54.46232 49.37293 42.8919 34.46907 22.9228 7.431408
203.3818 232.6267 211.5222 141.941 127.4409 138.2195 137.8784 142.7518 153.2548 148.4162 140.2141 138.2643 135.5617 126.6457 114.7343 41.42366 310.1009 334.29 325.0493 315.5208 328.2405 322.9768 320.6837 314.467 308.7682 305.1664 301.5043 306.155 315.5981 327.1886 330.2755 330.5241 334.3087 310.1696 309.4007 352.6942 355.6894 3.814075 8.440365 2.219656 352.7468 335.4723 321.4588 301.1672 288.4349 284.006 199.3232 151.9908 137.0855 123.73 89.35625 64.44003 49.76364 55.52391 69.81165 77.3914 73.52312 64.98311 57.63906 51.21923 44.22051 35.4011 25.01689 11.58342
219.67 237.9107 207.2944 158.2729 135.9444 132.6141 125.4777 126.2783 138.8373 137.7408 129.4337 134.1141 137.3278 118.8108 24.44395 358.2643 334.6538 314.2748 321.4416 327.1549 326.6222 317.1611 320.8886 324.2534 315.7742 305.8927 290.0561 292.5057 304.2967 333.3011 350.7322 331.2602 334.9831 334.4185 324.5247 335.8367 359.4032 14.43916 17.93889 2.419509 358.8466 342.0405 322.7075 302.0054 277.6034 204.8713 162.5219 160.4417 156.2882 153.8285 141.789 107.2815 84.53616 86.08586 87.69522 83.31309 76.01705 68.64902 61.41079 54.39547 46.74895 38.34557 29.69915 18.43495
217.1618 220.9144 204.7836 179.4053 153.3056 131.0206 118.369 119.1442 125.9421 120.6997 110.9735 111.2671 123.4654 337.8336 342.4076 358.1118 347.0926 312.763 315.9992 335.3478 327.3195 312.7494 319.0042 331.805 327.4396 318.0822 289.5438 284.2097 283.073 309.9994 4.044486 333.3163 332.3309 337.7144 325.4653 334.051 5.013114 25.64101 19.14814 355.8878 357.2737 344.9084 326.3864 290.9056 199.6356 159.8955 161.5087 162.8037 163.7119 164.4924 169.1013 164.0354 136.0728 111.8909 97.12502 87.31622 79.2737 71.73711 64.62568 57.38076 49.92711 42.8591 34.85445 25.70995
201.3487 219.4219 222.7432 200.3231 174.3163 149.2645 138.9909 135 128.8678 109.0577 92.05589 78.98617 35.07375 313.2101 330.0378 352.304 344.1676 313.2212 310.4934 334.1931 328.5479 307.5429 307.9236 319.8852 326.2258 326.0325 293.438 288.1115 286.2837 298.477 357.3493 343.0297 333.9465 336.8823 320.8016 337.7083 9.462322 14.13911 12.05079 2.231175 358.8065 346.5169 325.6197 322.5121 106.5209 121.0092 147.0803 157.249 156.2292 161.8753 175.2535 168.7872 138.3274 117.2674 102.9221 91.83075 82.91007 75.06858 67.58385 60.87595 55.00798 48.04478 39.62329 32.95742
186.2258 230.6349 229.514 201.2039 183.5667 156.4172 151.8274 151.4675 152.3005 133.8065 101.1599 69.44395 10.30485 323.3257 323.1301 339.2744 343.0725 317.5051 300.1474 317.6898 330.5025 308.9458 294.9285 298.2497 307.515 316.3639 284.8633 276.4831 285.5546 300.5914 345.2032 353.7742 341.7511 336.5519 310.6539 334.0615 13.0188 6.009006 8.130102 10.93382 12.61932 358.7811 324.1114 83.15723 104.712 103.9705 110.016 129.2894 134.2205 150.7086 183.6745 162.4076 135 117.8973 105.2024 94.63546 86.44382 79.10127 72.04053 65.75407 59.1843 51.78897 45.75385 40.79464
189.8993 225.1553 212.5308 202.8623 198.9465 164.4537 155.1033 154.4023 170.4457 175.2002 117.9622 19.29005 347.692 334.4115 326.482 330.5663 341.222 331.7827 296.5651 292.9727 315.6821 308.3675 296.9166 293.9968 297.0633 311.2624 291.1613 259.9025 250.8852 260.7783 306.7029 357.2737 353.4634 336.3369 301.6075 324.34 5.771585 1.642832 15.29859 26.86192 27.61013 16.1013 65.89777 128.537 133.1221 130.6166 118.1083 112.5206 104.1458 104.7436 155.556 142.5394 127.725 115.7347 106.1443 97.21426 88.89119 81.31364 74.74488 68.77235 62.15242 56.16488 52.32641 47.77021
198.0307 222.0331 214.2869 229.4556 231.3402 174.8056 147.8214 151.049 184.3987 212.3998 255.4655 325.6603 337.0679 336.2505 327.9671 328.5232 340.3462 351.6823 311.1215 286.4254 295.8519 307.3667 309.629 304.5226 298.0725 309.2437 320.3145 287.5151 252.3751 253.4665 271.7075 341.9588 359.7384 336.6258 300.6407 314.4543 353.5956 12.5739 49.16292 66.80141 66.1135 83.08878 107.4936 108.2726 110.4164 118.0858 116.834 106.004 96.60484 99.05789 118.8866 125.2476 120.1137 112.0459 104.7436 97.89577 90.42441 83.36749 76.86597 70.64101 65.29757 61.1645 57.15494 52.72182
207.3367 243.1113 266.7295 279.5868 266.2916 159.9739 136.4688 138.3665 223.4926 264.2894 294.7273 318.4566 335.556 337.3801 331.7625 330.0428 340.545 2.361375 341.5651 302.2425 302.8114 315.9496 327.9946 327.6996 319.5538 319.1704 329.5452 327.121 290.3406 270.6585 268.4926 300.6773 352.1003 329.1514 305.5793 305.3344 2.619549 107.488 118.3289 131.7178 151.2253 143.8354 121.4834 95.28124 78.41658 70.67682 72.64597 81.07601 90.59066 101.5752 111.4253 115.7505 113.9077 109.0577 102.7835 96.13223 90.47351 85.6013 80.11201 73.97971 68.7204 64.76717 60.81919 57.09476
230.4774 270 281.844 273.7314 233.3508 152.3933 135 78.69007 305.0738 289.4958 294.3045 312.2208 334.8195 342.0405 342.6334 336.1613 339.9933 5.680891 2.632435 326.2225 309.6586 320.6515 335.2072 339.2032 342.1213 345.1037 347.8557 331.6262 303.4862 281.7166 270.744 272.5233 314.5379 310.4801 295.3365 275.1944 137.0388 133.8199 138.8068 153.1424 169.6952 173.1449 145.1378 101.8644 84.88268 80.27876 85.06791 92.88297 98.86462 104.3227 109.204 111.4677 110.2249 106.7503 102.1313 96.34019 90.51617 85.7636 80.90972 76.10881 71.95218 67.96378 63.74134 59.79676
236.2564 262.9083 261.1234 220.2691 203.1357 201.3369 309.7261 346.185 342.451 324.9777 311.7295 316.127 336.6413 348.4123 352.3371 346.6513 347.1826 5.812482 4.790131 332.8443 302.2704 307.1928 328.0744 346.7453 2.663001 9.668669 354.4866 337.8455 323.7616 304.2917 284.2645 269.8215 276.9184 281.6015 272.4449 166.7236 116.9548 126.6221 136.4321 153.395 174.6472 192.7243 186.0475 150.4222 131.281 119.5576 112.3194 108.6819 109.0577 110.1707 111.0375 110.3441 108.435 105.5546 101.5346 96.98106 91.70135 86.56637 82.04247 78.43987 75.32361 71.131 66.99113 63.08345
244.117 256.9924 237.0678 201.9606 223.1642 270.9167 307.875 341.8058 336.9911 335.3678 330.2695 317.7102 335.5318 359.8279 3.314586 356.3358 3.715289 0.8303155 358.2212 330.2163 283.6851 276.6034 291.4694 359.029 41.07169 10.0975 338.918 337.8029 339.3765 324.9742 307.5111 282.4117 273.158 273.2245 261.5966 137.6476 109.9144 113.0744 119.2612 138.4456 169.0389 190.9482 194.8516 180.4794 158.4888 141.5945 130.0497 122.0926 117.8973 115.0836 113.3556 111.5713 108.435 105.3616 101.3099 97.43141 93.7314 88.75464 84.80557 81.09828 77.31962 73.44293 69.62357 66.37062
247.1324 252.7283 241.0347 250.1046 291.0837 306.7157 319.5812 339.7575 322.0013 330.0587 349.1643 326.2357 328.9741 17.96914 19.40597 6.259037 17.93889 356.894 353.1572 326.3099 289.406 271.6324 274.5239 346.0543 43.16849 352.4582 327.9103 338.2861 356.0378 341.0142 331.8687 303.6185 287.1167 289.4499 255.2113 132.179 119.2127 111.6239 107.862 117.6176 149.5658 183.4336 207.7473 203.6961 178.4754 158.9196 144.1967 133.698 125.9097 119.9622 116.2883 113.7026 109.6538 104.6764 100.7843 97.20605 93.36646 89.32597 85.91438 82.69424 78.69007 75.01836 72.5973 69.94391
