data/static/orig/asp_rofental_100.dat
ncols         183
nrows         158
xllcorner     629823,17944444
yllcorner     5180158,5011111
cellsize      100
NODATA_value  -9999
[rows 84 to 111 of 158, columns 0 to 63 of 183]
0 1.84761 5.52754 13.57043 15.9454 15.9454 18.43495 26.56505 31.75948 34.38034 41.42366 48.57634 53.1301 63.43495 81.02737 98.97263 117.8973 139.0856 152.354 164.0546 175.1009 180 189.0903 199.6538 208.0725 214.3151 221.1859 228.4166 234.4623 239.4 242.9691 245.6375 247.0362 250.051 259.8245 273.1364 287.6501 312.7974 300.4655 288.8038 295.3129 330.4612 297.2088 296.89 60.15407 350.9605 337.6714 331.0259 330.4463 334.3845 337.8906 343.3008 359.029 356.7295 309.2537 312.0727 107.8961 126.7841 132.2446 134.2838 147.5052 162.1107 157.0419 147.938
0 1.735705 7.125016 14.03624 14.03624 16.18921 23.19859 30.96376 33.11134 38.65981 45 51.70984 62.35402 76.60751 87.51044 94.76364 108.435 128.6598 143.1301 152.7447 165.6507 171.2538 180 191.6336 198.8861 206.0033 214.4792 222.7688 229.8793 235.7843 239.3646 239.3646 233.2192 232.0013 246.5226 262.9101 284.7968 330.7512 304.5793 286.3895 288.8817 309.8056 289.949 275.8774 54.2726 341.2587 333.9704 338.3691 344.7449 345.5297 337.751 335.7722 343.393 338.4047 284.9536 215.5377 112.1977 104.4736 117.5006 130.2032 140.874 154.4983 163.9868 160.738
6.340192 4.899093 8.615648 14.03624 14.03624 19.53666 27.34988 29.74488 32.19573 39.80557 45 53.97263 67.83366 79.50852 90 98.1301 106.1892 120.3791 135 143.8807 155.3764 163.9264 172.5686 182.1211 189.6599 198.7681 209.3318 219.2894 228.0775 235.3591 239.0362 236.853 225.7345 229.4412 252.9622 267.5104 287.7004 330.5241 303.7894 287.3933 286.7712 290.2249 273.9909 258.1113 305.5377 327.5288 336.2237 351.2538 2.779167 12.26477 6.709837 311.4237 304.5085 114.7751 164.5923 179.4491 145.2882 115.6335 112.2957 124.8457 135.217 140.3454 157.9973 166.0932
2.121096 6.340192 9.462322 14.42077 15.25512 20.55605 26.56505 28.7398 35.53768 42.61406 47.48955 57.80427 67.24902 72.64597 82.87498 96.70984 106.5571 115.3462 126.1193 135 145.3048 156.5953 164.9816 172.5191 181.4943 192.0023 203.9225 215.7067 226.5208 236.1038 242.1456 240.4463 232.4716 255.5297 271.5587 276.9952 290.0372 329.2811 296.2814 286.6992 289.6257 292.8336 291.4052 289.5923 292.1955 303.9174 326.041 350.4555 5.194429 30.19162 49.57392 135.924 173.8999 154.0885 159.8804 180.9575 166.0628 148.2472 136.6847 144.1928 148.3744 145.9698 157.7278 165.0115
6.340192 6.340192 9.462322 15.52411 17.44719 21.50143 26.56505 31.50427 38.41806 42.7974 49.3987 57.99462 64.79887 71.56505 79.82449 91.33222 103.7363 113.4986 122.0054 130.1355 138.1798 148.3487 156.2092 163.9888 173.3865 183.9085 196.6695 211.3496 226.5587 238.4124 242.9424 235.4915 231.6135 257.8812 271.1899 276.8428 286.6992 323.7462 285.1909 273.8568 283.6926 304.2157 297.9921 292.5839 285.4077 291.8572 322.7956 346.8425 3.974889 56.68937 122.8191 152.3098 159.357 155.1895 162.2109 179.8435 169.1845 159.7311 149.5658 149.0989 145.4971 137.9407 147.1771 151.9023
0 7.305759 10.71312 13.67131 17.52557 22.0679 25.90651 32.47119 36.8699 43.02507 50.90614 56.68937 64.0256 72.40758 81.15819 88.87669 96.34019 105.9454 115.4269 123.4862 131.3086 139.8304 147.3808 155.082 163.7261 173.7844 186.8056 205.1148 227.7006 243.7413 249.6051 244.3978 247.1095 264.4349 270 271.8677 278.8806 311.4237 296.8008 272.8466 279.4886 313.2816 311.3322 292.0113 276.8013 275.4515 285.452 304.6952 124.4482 118.013 129.7855 146.8574 145.6604 143.0148 151.7626 165.7055 159.9655 153.9375 146.0625 138.5137 124.1013 105.8594 101.0235 113.3621
5.194429 7.765166 10.30485 11.82149 17.59242 21.80141 25.97439 31.86598 35.53768 45 50.35582 53.88066 61.38954 67.98872 77.00539 84.98689 90.93919 98.36588 107.049 115.0963 122.7352 130.8151 138.5763 145.5278 153.0434 161.2705 170.3436 192.2209 225.3114 244.204 253.0245 266.3086 287.835 290.0023 286.1987 279.8939 280.3759 301.139 315 277.8417 273.0279 290.9125 318.633 307.7631 293.7908 276.2907 249.1324 155.9373 153.9028 135.1108 119.6174 112.6199 104.5482 105.0073 114.444 128.2902 130.2609 133.3153 138.1221 134.1118 125.8698 113.9162 91.92196 91.31995
1.735705 6.340192 9.865807 13.73627 17.65012 21.57131 27.1213 30.96376 34.69515 43.40886 46.59114 51.34019 59.74356 65.22486 72.14968 79.38035 87.51044 95.06361 101.0564 107.7004 114.7751 121.866 128.601 135 141.3816 146.9043 150.6875 181.7357 225.5004 236.623 245.6348 272.0989 296.2948 296.411 296.834 296.0822 294.0959 301.9081 312.4739 276.9728 270 279.8658 319.8208 329.4703 327.6804 281.8099 168.6901 126.6861 140.5643 129.4547 108.9558 88.46566 69.57542 68.0456 86.87787 109.9037 119.6444 127.3868 146.4539 148.1725 146.3099 155.908 120.0686 97.74471
4.899093 4.969741 9.865807 14.62087 15.46122 22.01128 27.07208 30.17352 35.27242 41.98721 45 50.71059 58.3925 63.43495 69.44395 75.01836 82.07307 88.69804 94.12759 100.3048 106.742 113.1986 118.9888 124.804 130.4951 134.1001 133.5679 163.3755 225.9964 238.69 250.3343 270.7957 286.4195 283.2127 287.6364 294.2372 298.9926 303.2066 317.2605 286.6771 277.8786 286.7625 316.3322 337.0804 0.5787256 231.0542 141.2606 124.4229 136.4169 136.8551 134.0722 144.9506 126.8091 99.53323 88.51213 85.78582 95.53979 105.9751 127.5885 140.7106 144.8658 168.25 170.3625 133.3897
4.635463 4.573921 9.090277 13.49573 14.85861 22.61987 26.56505 29.87599 34.56252 39.28941 43.63607 48.90049 54.65989 59.03624 64.79887 70.67682 76.42957 81.70286 87.87891 93.69138 98.59122 103.861 109.2171 114.574 120.4998 126.427 133.8822 158.7763 227.5676 241.6543 239.26 229.9151 234.1922 263.5748 280.7057 295.0443 302.7577 302.4712 310.8554 284.0978 276.8791 281.6064 299.6731 337.8336 45.81845 114.1022 122.7943 118.3008 128.5119 138.0885 142.6593 162.4908 161.8569 147.5502 140.2941 127.5167 111.8014 96.03326 105.1645 131.2605 136.5154 153.435 168.3212 148.7363
0 4.236395 8.426969 12.52881 15.80251 21.03751 24.77514 28.30076 31.6075 34.69515 40.13549 45 50.49232 55.49148 60.9454 66.29736 70.82099 75.96375 81.32683 85.73211 90 94.65335 99.18054 103.684 109.7223 118.7097 130.2609 169.8753 254.299 247.6627 234.0547 221.7119 225.4794 254.1442 275.3096 303.5697 322.787 317.4896 317.3533 287.9279 277.864 279.9095 294.8424 354.2894 76.05941 100.3859 110.0561 117.4165 119.8201 124.2869 130.7042 146.4539 145.0607 139.8366 147.2005 152.1027 149.9135 129.4428 117.1124 121.5782 128.4398 136.8307 150.3128 148.9094
0 4.085617 8.130102 12.09476 15.9454 19.65382 23.19859 26.56505 29.74488 32.73523 38.15723 42.83892 48.06649 52.72182 56.84208 61.05999 65.37643 70.01689 73.81079 77.60033 81.57303 85.03026 88.11771 91.1412 94.19418 98.17813 101.3099 297.2161 289.5217 284.8954 265.8404 236.7611 234.9684 246.316 256.0862 278.7727 331.6992 335.487 328.5909 298.7866 280.7763 277.2648 250.1148 154.409 153.435 137.4895 111.2374 107.1558 112.959 115.2986 124.5544 138.2336 141.1853 129.0939 124.7386 141.7269 156.1302 151.8263 145.0221 133.7759 133.224 138.5625 137.4026 141.624
0 3.945186 7.853313 11.68937 14.26451 18.43495 21.80141 25.01689 28.07249 30.96376 36.25384 40.91438 45 48.57634 51.70984 55.85641 60.06849 63.43495 67.12634 71.09542 73.87242 75.67728 77.27564 77.73523 75.73549 70.51387 45 321.3402 301.7441 303.559 311.6532 284.2456 253.8652 244.7157 243.8198 249.1997 291.6951 347.504 344.2488 305.5377 278.8925 253.0907 157.2327 154.3864 165.3731 170.24 158.6942 109.113 96.65921 110.9287 130.827 140.3631 146.7959 143.0429 139.0142 145.008 152.1592 158.9021 158.5926 145.3402 139.1528 141.9441 142.125 141.5688
3.814075 3.814075 7.594644 10.22217 11.65929 17.35402 19.48613 21.9487 25.20112 27.89727 32.90524 37.40536 40.53284 43.33972 46.54816 50.71059 54.24611 57.26477 61.02029 64.0577 66.13424 67.77497 68.19859 66.03751 60.44984 49.62237 23.0513 340.6853 317.8064 316.0493 334.756 320.0291 285.3575 257.0054 239.8414 233.5003 236.3099 273.0484 351.6457 349.439 225.372 179.326 146.2467 148.8847 161.4117 175.4198 189.6128 177.2737 110.7723 91.82053 102.2932 118.8278 127.875 130.7831 127.3181 126.4121 136.7489 156.0032 156.6379 146.8131 144.693 140.3454 142.3738 143.4746
0 2.726311 6.146626 8.615648 11.30993 16.29405 16.38954 19.39781 23.96249 25.61548 29.82709 33.51801 35.81116 38.74597 42.10142 45.6662 48.69139 51.84277 55.39734 58.24052 60.29299 61.43416 61.04427 58.3925 51.51102 36.62574 9.819301 339.444 325.4148 331.049 356.0995 323.489 305.665 295.3297 260.3909 239.5167 239.7477 237.392 178.0251 150.7452 168.0946 167.5368 145.1724 138.9603 146.8142 164.9606 190.8058 195.4442 174.8268 124.1145 86.7603 66.41835 59.65675 56.48199 69.62357 89.06081 103.9937 129.4128 141.1702 143.2487 147.6307 145.8275 144.6808 141.1279
358.8767 1.684684 5.042451 8.365886 11.63363 13.8407 13.46521 17.488 21.54098 22.67134 26.84729 29.74488 32.30042 35.29335 38.04704 41.18592 43.83086 47.1409 50.41702 52.68398 54.1229 55.40771 56.23928 55.14915 50.35582 37.27136 353.3408 322.1555 322.2143 345.6386 10.51605 319.0142 320.0374 330.3661 314.7623 279.5571 254.3684 226.581 171.8699 160.9834 155.3184 164.0415 159.5151 144.6026 136.7299 147.3654 174.8787 190.8285 189.0321 177.4421 159.607 134.6745 110.6954 87.83892 89.01788 91.12331 89.17447 98.74616 114.8254 127.295 139.8774 148.9609 151.8803 140.6849
1.123303 1.684684 5.042451 7.431408 9.462322 11.30993 11.88866 14.38139 17.59242 20.03721 23.35556 25.55997 28.44293 30.96376 33.17851 36.52885 38.84483 41.9606 44.53795 46.28253 48.55173 50.89353 52.7336 53.37601 54.28004 54.78241 320.7679 303.4399 319.4846 356.4552 4.950272 301.5554 312.6264 346.7755 332.7276 317.9904 280.519 216.1871 163.6731 164.7449 152.5924 152.9517 165.5652 157.8045 140.1521 133.0443 145.0453 168.8994 181.273 183.2095 180.8475 173.8709 169.6148 161.7309 133.9488 124.2917 123.0596 121.2216 122.0289 122.6517 125.5377 129.0531 129.6442 104.1723
358.8767 0.8303155 4.028264 6.340192 7.028396 8.972627 9.926246 10.7843 14.80838 17.2815 19.15561 21.80141 24.1142 26.35821 28.88658 31.79207 33.27489 35.85292 38.46786 40.57044 43.51213 46.73571 49.32228 51.26748 50.40833 29.34422 330.701 316.5189 343.0245 2.763857 349.249 291.8235 295.292 345.3915 342.9642 328.3925 341.3505 79.23746 130.8229 148.6713 144.1448 130.8653 131.6003 135 121.293 107.8503 100.8987 105.3685 132.5283 160.3331 175.8949 175.5502 170.4122 172.0708 158.4366 147.2296 144.3276 140.229 137.0601 128.5377 107.5256 68.79077 45.7639 47.45403
0 0.8069295 3.270488 4.763642 5.332159 5.856014 6.188616 8.498559 12.52881 13.60973 14.96672 18.11307 19.94238 22.38013 25.26731 26.73711 27.67591 30.18654 32.87626 34.729 37.74681 42.1376 46.22539 48.06103 32.09893 358.983 336.5226 333.1561 357.8789 5.984952 353.2429 292.2892 287.6971 324.1396 342.4796 337.1826 17.23005 64.59881 84.80557 98.82637 89.56921 82.81573 83.19868 84.34052 86.24145 87.85242 90.36034 90.89986 90.54565 95.30093 121.9384 146.7456 153.9409 163.5676 159.3787 149.81 143.0091 137.831 132.2951 116.8473 76.75948 59.03624 56.45875 46.8183
1.123303 1.684684 1.636577 0.7638984 2.862405 3.447387 3.366461 6.483074 9.162347 9.090277 11.10383 14.39359 16.38954 18.43495 20.69545 21.45996 22.75098 25.16787 26.69153 28.26641 31.11882 36.14569 44.20058 44.42706 11.22069 342.2287 336.8014 340.4012 0.2397299 13.36934 0.276789 295.5328 291.1994 313.3046 341.9611 3.835319 57.15494 81.26343 81.1441 74.24883 67.9321 64.23067 58.24052 59.77455 72.24174 83.51693 91.95251 97.55634 100.6039 106.9275 115.8087 121.4205 128.8147 139.1248 141.5075 140.6924 137.7927 128.3456 94.6859 53.36589 49.96974 63.65789 62.68439 17.59242
358.8767 0.8303155 358.4089 357.7094 0 1.397181 1.33222 2.489553 4.573921 4.807954 7.561429 10.38886 12.33909 14.03624 15.78871 16.86866 18.43495 20.16483 20.3616 20.75648 21.33686 25.55997 36.48969 36.49129 3.494639 335.7019 335.2756 343.6105 7.399595 19.34074 349.1145 298.9063 288.7127 300.5226 346.9803 49.0095 81.10543 85.20225 69.08486 45.70298 32.93512 34.99202 33.69007 38.65981 49.34324 54.51795 59.28717 73.73979 93.70463 108.1809 113.8157 121.0734 133.3431 137.9609 131.17 123.3106 109.2744 68.19859 43.1817 45.84253 56.61148 69.82054 34.04594 337.977
0 359.1931 356.8202 356.0818 356.9872 357.8789 357.3974 357.614 0.5562522 1.57655 3.423871 5.844566 8.365886 10.2348 11.45389 13.20109 14.74356 15.20241 14.43598 12.26477 8.412345 5.52754 23.58165 37.16721 17.56501 339.5074 336.1048 351.4692 19.79888 4.873897 326.2507 302.1045 285.6017 283.9937 358.7078 75.23955 75.11373 61.05999 50.54978 35.10939 19.6684 20.30263 18.43495 24.17911 34.80576 38.21695 41.59066 53.31512 67.91093 78.88994 90.67802 99.6599 114.5005 130.2364 127.0167 102.3997 53.61565 34.01935 41.58341 57.43956 69.50741 45 341.7346 331.0057
356.4965 356.6335 355.9717 354.5226 353.991 353.6598 352.2348 352.875 356.6981 357.4664 358.6028 1.735705 4.460848 6.009006 7.733598 10.39432 11.56013 10.95406 9.648046 5.477369 357.2298 348.4533 36.25384 59.80838 40.80781 345.3932 342.7108 1.59114 8.440365 347.6609 315.2292 303.4973 299.1581 300.3088 20.48701 74.03474 66.35098 57.22512 52.96009 30.96376 10.49148 10.22773 8.171233 17.78848 22.23911 20.67247 32.15492 50.77433 62.97331 70.52488 83.84084 92.32337 98.97263 110.0485 96.78897 44.07595 30.55596 37.67359 55.2348 70.55997 28.1416 345.2328 334.2525 332.9947
356.3478 353.6598 353.0888 351.8699 350.1664 349.5085 347.1957 348.2317 351.8699 352.1467 354.1554 357.5104 359.6206 2.121096 5.072133 7.403729 8.909 9.066503 7.873938 2.41103 351.1194 348.8351 68.70264 76.40352 57.20912 351.3268 333.6279 351.486 356.3915 345.63 310.6013 298.1997 300.5013 316.7899 26.6888 55.59025 49.74575 50.71059 44.53795 19.99936 357.7644 359.4299 16.95349 49.00417 42.8789 41.31938 70.32737 81.60326 84.45701 89.33121 95.5948 100.0975 97.96072 81.45092 23.80594 28.77981 32.074 47.41951 64.29005 23.71359 339.4191 332.8726 333.1286 337.5206
358.727 352.4054 349.7778 347.0054 344.4759 344.6237 342.7585 343.4127 345.9637 346.4296 349.0321 352.0928 354.6107 358.9949 2.214755 4.214179 7.305759 9.702857 11.67878 7.399595 346.7151 346.2867 31.94176 53.79054 46.64328 357.1659 340.8969 343.6105 351.7087 338.0646 306.652 296.0954 289.6311 305.3401 34.17153 46.42853 44.05824 48.09406 40.07289 8.027238 355.8653 26.94787 104.3262 128.1153 163.8866 157.4021 129.7188 116.8725 109.5779 106.641 107.0079 108.1975 103.4109 68.07041 26.93953 28.7398 30.7189 50.85601 36.8699 337.1194 326.3864 332.1985 337.1955 335.2657
357.1376 350.7067 347.1523 341.5651 337.4427 336.9911 337.1355 338.3049 339.6236 340.71 343.3391 346.8425 350.5377 355.2625 358.8188 1.974934 6.340192 10.45163 14.9135 16.46001 349.2869 318.6642 12.83178 54.46232 45.9008 356.3734 349.6008 354.4547 356.9471 317.9108 297.0997 293.5913 288.694 298.9901 43.26429 51.16046 55.05325 54.49163 43.20207 30.06858 119.3577 133.259 133.7811 138.6463 160.5176 161.6401 144.5742 128.4652 116.7693 108.6369 106.1959 107.2874 100.3048 34.82449 25.82099 25.49755 37.18471 29.0546 347.7791 329.8757 321.2078 326.1766 337.8701 326.2274
354.8056 346.2637 340.8664 335.556 331.9275 328.7816 328.815 331.1645 332.5603 334.006 336.8014 341.3505 346.4922 351.2978 355.3937 359.7431 4.702055 9.422781 14.0936 18.7373 352.8445 312.1042 17.22344 73.82877 59.18876 359.7149 353.0789 12.17146 349.9194 315 302.879 299.5625 288.8727 274.4556 114.6051 108.8494 106.4035 106.9023 114.2189 135 142.5176 132.7487 124.5809 131.3588 148.0367 159.1455 155.556 140.3273 123.655 111.9296 106.4144 103.05 65.55605 15.70864 18.43495 32.00538 42.83892 339.9285 317.332 325.2683 328.1772 323.8418 331.7747 320.9989
351.8699 341.5651 332.354 326.5922 325.0806 321.3402 320.4403 322.0284 324.2461 327.0948 329.7692 334.5638 341.0296 347.0822 352.3423 357.4906 2.185801 9.039483 14.03624 8.569142 342.2892 335.1023 31.01464 64.71748 56.27206 20.63755 353.5505 4.635463 330.1595 314.2996 310.4922 301.9527 269.5838 196.2234 153.7515 133.3737 122.4374 129.0094 135.5355 134.429 126.5111 116.2553 108.9317 109.2369 121.5043 142.4094 149.2767 140.3558 129.3283 119.4759 112.6199 96.26349 8.130102 12.45 21.37062 48.12213 25.11484 314.6049 306.1447 316.8476 332.1835 333.2301 330.7808 322.6404
