data/static/orig/asp_rofental_100.dat
ncols         183
nrows         158
xllcorner     629823,17944444
yllcorner     5180158,5011111
cellsize      100
NODATA_value  -9999
[rows 28 to 55 of 158, columns 64 to 127 of 183]
316.5316 299.2229 230.018 206.8249 199.7468 149.5536 140.5826 134.3839 144.3567 123.0379 95.68371 66.33965 61.68266 72.03856 91.03224 127.6476 131.2174 131.6087 135.4621 138.9794 138.6329 147.0306 158.9625 172.9211 184.6582 185.6595 189.7436 179.4093 163.7398 174.9079 195.0863 200.2657 210.9638 224.0978 235.6406 246.6979 244.4959 214.8379 210.3987 225.8243 273.0636 291.3619 285.3369 196.3895 202.5455 231.2959 249.604 29.0546 56.45875 49.22773 57.0372 75.25644 87.08916 103.634 133.2101 125.3688 117.6668 172.7631 195.0333 181.9557 170.9493 187.9125 192.4535 192.8198
317.3373 189.6599 175.9922 214.3078 223.5914 155.7508 149.2856 144.3204 151.049 150.3333 143.5609 75.66457 63.54686 69.13578 85.43819 123.536 139.0856 133.727 136.4203 138.2839 136.776 142.0667 157.3194 173.7581 188.1301 195.1011 188.4089 179.5103 171.4164 174.2257 188.6525 207.7839 231.7098 236.6688 247.6491 251.9395 236.6649 208.7798 200.8391 233.0826 256.766 248.0925 193.471 173.7697 216.2538 252.0956 262.6004 285.4359 51.8609 58.69141 70.7444 78.85461 75.49171 75.2197 93.36646 114.2151 117.0309 151.2602 186.1799 176.0995 164.8989 167.5249 177.4308 189.125
68.47099 129.6233 153.6381 207.3589 207.2782 168.037 159.9203 155.8391 147.4193 150.1011 166.4296 163.3008 130.8724 106.5331 96.72435 106.8214 134.5145 131.2916 126.1703 127.1467 132.2298 138.3109 157.2936 173.3333 187.4959 200.3764 187.7652 181.3748 184.808 181.9749 182.07 220.9717 248.8387 263.7655 268.172 256.0831 232.8831 214.7432 201.0375 244.7624 251.0986 231.5526 204.706 203.5688 231.7662 260.3736 265.5587 270.6268 70.13943 80.65533 78.5975 70.82099 53.84182 50.64462 69.63068 99.01605 120.1346 143.8959 182.0309 165.6354 159.2939 161.7187 163.3755 183.1663
104.2776 115.5451 140.2538 177.0643 189.5501 176.0581 166.0429 165.4655 162.0812 162.8524 159.755 154.0006 140.2863 125.3401 102.2251 88.24062 96.17017 117.7585 121.9209 118.1562 120.0378 130.0882 148.8462 172.1553 193.7133 203.3621 193.1725 188.1301 195.7247 188.6525 182.0214 225 246.529 255.2564 256.5442 247.2118 239.7692 234.6888 248.5747 267.7094 262.9333 257.2756 251.3688 243.6216 256.4296 263.9633 258.2376 249.4675 122.3073 79.93931 65.95099 57.7356 42.31622 50.26965 66.77859 75.37913 95.27067 130.2364 177.6467 158.8602 143.0759 160.5297 169.9547 171.5596
124.958 85.57871 111.8014 137.2755 160.5845 174.2404 168.8684 170.5104 177.6141 164.9488 154.179 149.0978 137.7743 125.8974 106.4404 93.2397 91.49955 104.6678 116.3843 114.8804 114.7343 123.9136 133.1035 160.6102 199.6007 210.9638 203.4841 194.6973 198.435 192.7575 190.0806 222.1729 239.6764 245.3655 241.3611 241.5209 248.6821 257.4211 280.2348 285.3453 272.3695 255.5432 239.6383 248.0148 278.1301 281.4424 271.4594 248.3521 187.8257 94.59055 86.40549 92.49823 102.5443 101.7386 88.85424 76.65128 76.43968 94.59425 156.6891 163.8557 133.3276 146.1292 179.6569 180.4308
228.6993 84.83227 79.80653 96.14663 112.3135 139.5739 158.1485 167.5249 182.7702 172.4674 147.6651 141.28 144.8545 148.0171 134.6763 119.0104 112.8905 101.4588 94.72799 99.96381 103.5881 110.7061 118.3008 130.9623 195.8192 218.7032 213.0644 198.7052 195.4077 195.4077 199.0577 211.7595 231.8091 240.4683 241.6992 250.71 249.5555 237.5288 243.435 258.25 268.1817 269.7431 278.2913 294.4093 303.2614 300.0999 267.3214 210.9155 193.0998 150.6056 111.3706 107.3699 118.517 124.0772 110.7723 92.21966 76.93845 75.22184 93.41094 149.6568 123.9298 117.5252 162.8104 212.9777
229.6797 144.5445 72.16499 67.84805 76.15202 87.15338 107.3005 135.7162 162.512 170.2354 151.9406 136.4613 136.9198 146.1649 141.4993 130.7185 138.1278 150.8431 142.0228 131.4893 124.6634 108.2576 102.5288 107.354 148.3487 225.4774 233.1981 193.6429 186.0725 193.5232 200.8858 207.4202 232.7075 245.2415 252.8973 259.2157 245.6235 243.435 265.8404 273.8409 274.132 282.9946 299.0546 309.5523 313.5354 276.5463 180.4658 183.8697 195.3255 185.0291 104.2737 86.90102 83.15723 71.76399 64.79887 69.28583 78.87081 80.21759 77.36664 102.0613 132.6863 122.9052 135.5509 221.894
228.6756 215.0872 116.822 73.30076 73.17859 81.7286 91.08092 106.9661 124.2711 144.5445 146.3892 133.5406 128.491 136.0544 144.3746 143.887 149.3452 169.3888 167.9885 152.9581 160.641 144.9406 96.34019 98.82038 120.689 231.5627 247.751 161.565 171.6213 187.3412 202.7144 227.3278 260.0594 274.0349 275.9571 271.0947 272.9609 280.3663 278.1925 274.9234 274.1446 281.7006 290.1321 292.2945 311.4862 126.1998 158.4986 173.9041 195.1011 203.8255 152.7447 116.0372 109.6267 94.26789 79.729 78.30106 88.63312 103.926 115.0426 123.7545 144.0085 147.8541 143.0047 198.8119
220.2743 215.9147 206.3557 100.9679 83.73651 94.43267 101.7934 111.6022 120.1865 130.9144 143.3057 138.2705 130.44 131.0628 141.9003 148.5948 144.8277 163.3636 165.0942 153.3546 171.5877 177.7974 163.2334 159.8171 145.0302 205.051 227.4082 191.0937 128.2902 158.6294 206.8473 250.8748 280.118 297.1372 304.5625 291.7054 262.1467 241.9052 234.0048 236.0171 242.6711 247.5573 255.3987 264.1004 139.316 102.1291 130.4677 148.4732 181.5316 205.7595 168.4137 129.9263 136.9385 146.1429 139.0377 119.5388 106.049 109.6452 127.3039 131.5318 144.5571 159.7981 157.1779 180.5026
213.9106 216.3026 222.3786 198.1917 109.5058 103.5974 112.7028 119.3417 121.6256 124.7891 139.9392 149.2811 137.9207 122.5132 126.9776 144.1142 138.4533 133.1118 136.4564 137.306 155.0715 164.1725 167.0897 179.0608 176.3956 178.5057 213.7742 227.2906 149.0362 87.06432 196.1573 245.894 266.733 288.119 310.1009 173.0657 203.0782 208.2685 222.1376 241.7438 238.6198 231.543 242.8372 251.6172 201.6823 82.01747 84.58813 111.7624 148.1134 199.006 181.3822 123.9965 119.4759 139.542 138.0128 123.9638 113.0394 100.1093 102.2361 120.7903 141.5929 157.4606 165.3882 176.6615
215.3948 222.0004 227.978 222.1565 129.9462 100.751 115.4841 123.2471 122.9322 115.8519 115.8045 127.8195 125.0557 104.5933 91.8596 81.60708 100.2441 109.3845 106.3895 106.7626 114.2744 117.6995 131.5167 181.8012 192.742 169.1475 198.8292 225.8024 225.2653 91.13818 100.6849 244.8804 263.6233 279.5343 92.04541 137.1787 199.3183 215.7667 231.1047 246.2864 236.8024 253.1273 271.6149 275.9452 307.4969 45 50.00253 65.63972 98.66739 171.5651 196.1996 140.1455 113.2329 134.7613 146.7386 127.0107 117.8973 109.6161 98.62437 101.3732 118.7398 138.9005 164.5854 174.5398
226.3169 233.5777 245.6701 265.2571 23.19859 86.0218 103.6472 112.5979 112.751 101.1738 88.66778 82.47618 81.22924 72.38742 56.69894 42.49491 43.63607 51.74006 63.59107 72.51989 73.87242 77.54176 84.14399 116.9657 175.6013 169.992 175.2099 216.9858 221.6843 190.103 123.5034 254.4275 263.5331 258.6386 109.46 118.2497 209.3578 235.114 239.7436 235.2382 240.1924 267.7749 278.4572 281.7366 291.179 85.18847 83.38654 85.04339 98.91893 143.3929 196.7948 164.31 115.4515 118.2808 143.0568 130.5251 116.3999 111.9745 85.26906 68.14118 74.41106 98.00473 136.1935 163.0153
232.6404 236.3715 247.3674 262.8632 270 87.80185 86.65968 87.35745 90.40067 86.98721 81.22495 75.78415 71.56505 67.09789 58.9481 49.11223 43.43064 44.19871 51.12908 56.59217 52.80019 50.93153 53.93562 56.41584 84.92039 134.1319 152.9125 197.1584 222.0421 214.4608 179.4327 252.1146 258.5021 230.1479 139.6045 133.7546 222.417 249.5754 241.6992 241.4404 260.4457 266.2266 263.2227 257.1024 197.5603 142.3396 147.5451 118.9041 105.2233 126.2026 185.0241 173.8448 115.7631 97.34301 103.9078 101.3099 82.45677 49.23639 26.47511 43.40886 60.02908 74.22805 95.2774 128.3131
244.6803 250.1828 254.1272 254.2998 203.7908 95.89629 70.25317 70.66519 78.42481 83.96674 81.15819 77.90524 77.3914 74.38416 65.38917 52.93276 46.73571 49.08562 56.75293 59.93142 50.46021 40.39551 37.24822 39.45468 49.84984 69.0151 100.1543 158.9625 214.2796 218.2369 208.4791 249.2744 257.6389 212.8241 153.77 150.6066 229.7636 248.4121 258.8962 273.9523 269.4327 261.3121 259.6097 253.2566 166.1048 129.7701 155.0536 136.0443 117.431 131.0175 162.0405 174.6344 134.3097 105.3722 75.29645 33.60468 40.76361 20.32314 21.65233 63.07908 78.38057 83.15723 86.37852 97.43141
247.3801 263.2902 274.9302 262.3966 234.7962 66.52901 41.72951 53.58794 61.44038 67.57957 75.04137 77.42755 75.01836 69.92177 63.43495 55.51263 53.94538 59.35934 69.38181 73.70596 69.58157 61.50436 47.89127 44.30972 49.89177 59.38861 76.09222 102.3625 189.6518 215.8611 229.3045 251.0068 249.2744 205.1148 148.6713 161.1616 230.1364 243.7258 241.4361 241.7479 242.713 252.9671 258.1342 251.565 149.1279 107.5924 131.607 132.9237 128.0429 153.8384 162.6995 169.2005 140.9275 127.1998 174.0194 339.444 50.89063 61.01544 109.2171 114.2539 103.8869 92.31989 82.4631 88.2643
238.9503 261.0587 278.5453 285.4535 289.55 338.7616 25.43129 42.12069 45.72522 44.22228 52.86607 66.63089 74.268 75.46555 69.86369 57.14428 47.36137 44.15747 35.14692 38.84253 54.31932 79.45193 114.1791 117.4076 91.35747 84.84013 89.56921 97.08993 130.6677 235.3487 257.4067 255.4741 238.3487 215.1865 150.69 144.6052 240.5025 248.7931 238.3534 234.3771 242.4528 251.6922 253.1162 247.3287 160.4077 103.7737 111.7756 120.6548 126.4201 159.2858 171.076 164.0546 151.8656 141.5463 170.7424 190.008 172.4762 132.9011 127.3039 123.7607 111.7306 99.71057 96.67989 100.396
261.5387 278.452 289.0935 305.665 303.0768 317.7263 20.28256 44.35444 42.35237 35.50944 37.70884 44.2717 42.97863 43.83086 45 27.61303 12.3665 4.993744 1.941486 23.93311 42.43422 52.92432 79.24203 119.792 122.5145 105.6423 97.12502 99.54453 122.0926 236.113 253.1719 243.1219 221.4497 209.244 196.5044 186.9811 255.8721 262.6304 260.789 256.6755 260.9158 261.2966 258.6538 251.3377 164.4275 111.3886 114.2021 120.9638 128.6598 157.8336 166.7014 155.505 160.4211 166.5941 161.6549 178.4588 187.8246 162.2057 131.8408 128.2801 130.684 129.8572 127.6988 126.0107
280.2441 282.9665 289.9831 308.39 304.8292 311.196 15.09716 43.4442 31.1951 21.87482 29.54129 28.26313 16.04114 15.37392 15.16804 11.80077 359.1068 348.0434 352.6285 24.68583 45.8697 52.90028 55.70285 63.84566 87.01572 99.31709 101.565 101.7683 111.6022 237.9946 241.7479 224.1319 215.6796 210.8505 218.4802 225.3581 249.6417 257.7995 245.0715 247.8498 260.7737 269.6701 274.6045 265.8691 141.9441 116.3058 110.6589 113.0058 121.3222 144.335 150.1729 143.0669 150.8676 166.1064 168.1785 171.6113 185.6273 179.5165 145.2893 131.5988 139.7901 140.3218 137.4138 139.0947
290.1126 290.3593 300.1185 320.8603 316.7118 315.8047 62.54132 92.76385 103.0652 109.4626 65.0115 16.32944 2.602562 9.73142 17.35402 20.47446 357.2048 344.162 355.5004 34.30676 57.96925 64.65382 66.27497 66.93848 68.69614 79.62926 88.943 88.46566 87.68294 239.4703 242.418 226.048 226.0512 218.0888 224.0207 229.1182 237.6236 250.8045 249.5308 259.6182 268.6489 271.4892 269.9004 250.9667 125.2436 118.5904 111.7801 111.1941 121.7595 128.991 127.9188 123.3367 126.7784 146.9969 166.079 167.4412 173.3782 182.8321 163.3316 135.5787 137.3215 139.675 139.2319 140.7365
299.9045 302.5579 314.0002 328.8669 325.6197 353.4312 106.675 117.7725 140.3509 164.7837 176.7509 202.8498 227.8447 355.2364 44.33892 33.3046 349.6952 343.3204 12.0062 61.40763 79.1633 80.02077 78.32462 72.32032 65.35323 70.58573 73.69028 76.20913 79.48737 144.4623 235.9159 229.4327 222.8253 222.9955 221.5834 227.8191 235.1247 241.4704 245.487 258.6197 267.7395 260.5377 243.5309 217.035 126.6561 110.031 107.2658 105.3008 117.204 128.4679 115.7505 105.6286 111.4428 127.4409 144.9149 157.2004 164.1343 181.5938 178.0979 144.1762 138.0665 139.2589 139.2462 139.1276
296.5651 295.0247 301.1746 318.4858 351.6561 94.98936 87.67663 79.80959 90.57179 125.8283 171.5596 188.4349 196.1796 199.0466 181.7075 8.130102 327.8043 325.6922 68.86018 90.28505 93.69705 87.22083 73.38557 65.12345 74.47589 81.44444 82.32104 84.97854 82.46494 92.1858 209.3578 214.497 210.2745 230.0599 219.6546 222.0134 231.4752 229.9618 234.6337 246.7257 249.4867 235.0926 226.755 222.9872 146.0138 103.3655 100.2814 97.59464 104.6118 125.0738 124.5625 97.64501 85.69894 88.47247 105.1446 123.73 142.3239 173.5119 184.4581 153.5954 140.1727 139.0069 137.7927 137.0398
297.8172 292.6865 291.466 305.053 78.52753 105.0565 103.8824 83.75639 81.32987 92.03981 127.355 155.6807 187.7218 202.8709 204.3278 207.6549 192.882 189.2461 162.138 89.10483 70.98042 59.50017 52.96675 60.25512 70.78733 81.8238 86.18593 88.70783 90.69028 88.04749 130.7108 200.8209 209.5778 222.0004 213.866 211.7921 221.3439 226.8427 235.6698 236.4875 230.9469 222.5181 225 230.417 194.2296 104.4208 95.32453 88.19471 88.735 108.6247 128.5065 109.7406 93.01279 93.64549 94.02423 93.25034 101.6376 135 175.211 162.354 141.3402 139.0856 136.6413 135.3192
306.7733 303.7504 298.0221 306.4883 92.37496 105.1172 128.6929 104.1435 84.6809 80.59469 92.48956 116.8544 145.3449 188.7905 205.6881 200.9291 185.3683 189.7486 208.0661 104.2811 53.02536 44.74249 51.40809 62.88631 68.19859 71.04577 71.93953 69.7575 80.75389 106.1892 122.8509 175.9407 212.9952 221.7367 220.8151 207.3348 212.0424 227.4302 231.4892 225.1591 218.5319 220.0919 223.5436 224.0858 209.0272 132.2073 101.1854 98.47855 97.28896 105.1358 124.6293 134.1095 125.5023 119.0546 117.2623 117.7256 117.4908 116.1502 148.2849 168.4838 144.9042 136.647 133.1137 132.4286
309.8978 296.5651 275.4058 216.1932 98.93407 100.8448 125.7218 119.6967 92.43091 78.29157 74.40719 86.04575 104.5804 140.6483 191.2128 193.5232 189.3815 194.0362 213.9247 209.1738 140.1586 68.08178 68.4774 70.22661 63.47947 57.99462 57.58769 55.69651 65.58167 87.04206 111.1461 156.6823 208.4791 222.3709 224.2258 209.4385 206.1049 225.5866 228.7961 219.9364 209.0121 218.13 219.1765 211.9731 204.9812 174.0856 141.7401 135.5305 133.593 130.0939 132.7974 137.9299 132.4923 124.4482 123.9555 128.5877 134.7323 127.7857 131.1859 160.0963 153.435 138.3019 132.6367 128.8188
273.6593 239.1458 219.6949 198.9144 116.215 104.7436 120.7704 127.1786 109.0318 87.69789 77.42343 80.63155 92.44241 102.6334 124.9393 164.1676 189.2678 193.7681 207.4234 209.6927 196.8214 159.573 103.3587 83.90221 72.08524 70.06747 72.80146 69.50416 68.35557 72.59373 82.40536 123.1785 191.3099 216.7241 223.944 214.7229 203.1986 217.3332 229.0973 221.5222 205.9128 215.829 214.5923 205.5219 201.9087 183.3298 156.8858 145.503 149.9058 143.3151 136.1731 141.0725 139.1135 131.0338 128.0739 129.1065 133.2986 136.1265 136.0292 149.7725 157.6065 149.4861 141.3621 134.2984
228.5542 218.5713 219.3824 195.0499 138.038 118.9694 116.9166 123.4004 127.0304 110.3231 86.61261 75.84089 74.085 80.86285 98.27589 111.9745 151.9275 188.3659 201.8414 208.4376 199.9651 183.9667 148.4162 117.764 106.7123 97.76517 95.07961 98.97263 91.10171 83.10757 83.56308 99.18054 165.3581 210.7565 221.4604 215.1589 204.444 208.1786 224.5979 221.8684 205.306 209.7589 213.1248 207.4465 203.0304 189.5829 160.7225 146.0901 154.3808 149.0362 137.5845 137.6324 134.8232 131.1345 129.8165 128.2818 126.0623 129.0808 129.2894 133.8504 147.1066 159.353 154.3765 140.114
290.1576 252.3874 242.8443 170.6398 126.8425 125.2022 120.5388 116.4751 118.7798 113.8387 85.89491 66.95245 62.71579 70.18285 93.2397 112.3406 123.2936 166.7595 201.2052 200.1517 193.083 183.9141 163.5341 136.9021 111.958 97.05231 93.69932 102.5816 110.2689 89.38394 80.1807 83.65981 117.8476 197.6676 213.2875 209.9951 205.6557 208.0594 220.3852 220.5859 204.2958 201.6243 210.711 211.2005 208.2102 195.325 167.6973 147.9465 150.0602 150.2363 142.9435 136.9886 131.5664 129.3394 127.7676 126.6993 125.481 130.1696 128.4734 115.289 116.9041 146.7683 158.2335 139.6827
262.5686 256.139 235.6539 145.3487 109.0935 109.6538 112.5431 97.6668 79.7488 73.22878 74.4156 71.23194 73.95573 83.77738 106.004 130.9385 141.0725 151.7458 193.4218 215.9097 191.9761 148.8564 160.5815 155.3231 120.8277 110.996 105.0124 100.026 103.4382 95.96449 82.725 78.37106 87.10873 154.7672 200.1943 203.4356 203.3515 208.4496 216.9432 217.6319 203.334 198.1275 205.3337 211.6416 211.3858 203.1986 181.3502 144.0788 136.2293 145.0349 146.8556 136.6897 127.7875 123.3885 121.2756 120.2662 117.5636 119.8508 126.9432 122.0674 120.0049 136.0975 156.3871 144.8735
