data/static/orig/asp_rofental_100.dat
ncols         183
nrows         158
xllcorner     629823,17944444
yllcorner     5180158,5011111
cellsize      100
NODATA_value  -9999
[rows 112 to 139 of 158, columns 0 to 63 of 183]
346.6075 332.6501 321.1155 313.3634 312.2737 310.6013 310.4622 311.9872 314.3704 318.8141 322.4716 327.1792 334.2229 341.9958 349.524 354.9516 3.704628 15.97679 6.931357 342.8596 335.1776 356.8383 49.9039 62.70626 54.62815 26.56505 0.276789 344.9927 319.5049 312.0391 311.0251 266.4965 202.2414 177.3842 163.272 138.0007 109.179 99.53664 100.2441 104.9058 108.6742 104.4754 96.89243 89.24015 86.12148 95.07473 116.2413 123.9591 121.5782 115.6681 110.2036 45 2.792702 14.38139 32.69199 52.23692 336.2864 309.9576 307.7834 312.1273 324.0085 330.6172 327.081 321.721
341.5651 315 305.1342 298.8108 298.3008 299.3578 299.6667 300.9637 303.3312 307.7468 312.847 318.6215 326.1888 336.3929 347.3914 357.4595 16.07357 21.32946 343.387 323.3027 333.3861 48.33847 81.69521 74.86205 52.98933 24.17609 3.532295 337.215 317.6358 306.2679 237.6526 163.8224 179.1815 178.6801 172.2734 160.6241 131.1859 93.7314 71.67673 80.12061 96.22583 100.4375 94.90907 88.78849 81.00981 83.4373 99.03107 111.0375 108.5342 101.502 78.50343 352.304 2.862405 17.56027 40.53284 31.75948 315.7393 303.9739 303.3312 305.789 314.7661 321.6581 323.7308 323.9938
303.6901 290.2249 287.2415 284.3493 283.5704 285.5241 287.6501 289.3845 292.3354 296.2587 300.8668 307.191 315.7742 328.88 349.23 14.35787 29.10048 5.319894 325.5552 316.4256 355.6281 69.04901 73.00282 58.87753 42.61406 25.24053 359.0963 331.7438 298.2016 197.9044 160.5835 157.7344 173.3741 179.7232 177.0607 172.4152 162.9467 151.372 108.2251 66.76074 66.63378 73.28448 80.47998 84.32465 86.30862 86.65141 86.59548 88.02506 91.43608 88.943 37.18471 348.2066 0 20.62353 36.02737 357.7094 308.6914 298.8386 296.5651 302.7594 316.4831 324.0833 327.5093 330.1859
236.3099 249.7751 257.2756 263.6598 267.1844 270 273.0128 276.2345 279.7824 283.2405 286.571 291.6075 300.0686 314.8226 348.6901 19.70445 16.38954 351.8361 324.371 329.6449 28.34989 66.07749 65.9892 52.82907 38.00808 24.18278 6.458817 0 162.3608 160.9374 158.5057 162.5528 171.3748 176.7072 177.6141 175.5328 171.4024 166.4666 177.9955 151.0642 95.36058 77.30733 71.02959 67.19029 58.5052 55.8485 55.23977 61.64104 77.47119 73.85566 353.8845 351.9888 2.327815 26.78291 27.89727 333.2726 305.8112 298.4496 289.9037 288.9111 300.2832 315.8952 327.3516 329.9465
191.3099 221.9872 237.9946 246.5014 252.1213 255.9638 259.1359 262.7631 265.9406 269.0608 271.2961 267.8307 268.7143 271.1515 277.4314 29.13429 354.0939 339.3701 329.2903 346.9642 55.7389 71.09542 66.07418 60.78075 56.75293 58.53586 96.02753 130.1831 140.2169 145.0203 154.7989 167.9362 174.716 176.3555 175.4562 173.3426 167.1469 161.565 173.1671 175.1526 160.3831 142.9072 119.4615 102.5517 85.95042 77.71905 76.00069 75.56403 73.32498 48.45872 352.0565 359.2043 7.624193 28.81079 16.78264 322.1805 303.2544 303.7411 295.8577 286.513 289.2447 303.972 325.9698 328.2258
194.0362 209.3578 223.2101 230.7106 236.3099 240.5725 244.6041 249.444 253.5325 256.9613 258.7894 255.4998 255.9296 238.8286 197.2776 197.1759 256.6075 292.4592 313.2147 45 89.72231 90 88.14384 89.48996 101.6814 123.7585 124.8457 121.62 124.7186 128.1572 140.8696 164.2842 172.8464 177.2536 175.6013 169.0987 156.7539 157.1165 157.6199 158.6057 169.2869 170.3112 151.455 139.4556 140.811 132.7454 121.3344 107.4721 89.31794 51.73601 5.937416 6.709837 11.74563 27.3777 8.130102 319.514 306.9368 310.978 308.8011 297.646 296.905 311.9872 336.8624 340.0557
185.5275 199.9831 208.8557 215.3401 222.0391 226.6366 231.7098 237.5877 242.0029 245.5109 248.8243 254.0868 255.5608 233.8152 200.6235 209.1975 239.7595 254.8151 258.3241 92.13426 90.45399 91.38274 95.94948 99.95063 101.6222 109.0935 117.5042 116.264 108.1864 106.9426 115.1231 137.7927 148.6576 164.3159 171.7475 169.7131 154.1445 152.0378 151.5142 142.9072 158.9386 178.4611 163.4239 143.0272 141.1072 137.6527 133.6252 121.6966 96.72688 52.49586 26.84729 14.42077 18.97041 25.9423 350.8698 311.5601 305.0684 307.8212 310.2191 298.679 291.9315 304.2385 333.2411 345.2308
182.7263 192.8477 198.9967 205.2011 211.3995 215.1664 220.0834 225 229.4926 234.8061 240.0111 243.3444 240.8025 225 213.6047 216.1354 248.6852 257.3398 257.5549 70.39931 68.1476 69.75014 74.20136 77.89434 88.79576 102.2798 112.6666 118.8557 104.37 92.95078 99.74364 128.3792 139.2538 143.5556 151.4404 161.0683 154.0156 150.7247 150.7452 142.4503 152.598 175.0816 170.1342 153.3041 146.6968 140.7856 131.1859 107.071 65.04525 45.83031 38.77417 29.98164 34.99202 359.0608 325.4375 309.1304 302.4712 301.4717 306.6457 298.6747 285.3547 285.2097 304.6952 19.0577
184.7636 189.6052 192.2648 196.631 200.6954 202.433 206.0458 210.4342 216.4692 224.4032 231.7255 236.4622 237.8523 235.3048 237.3808 247.3801 264.9812 264.629 260.0508 150.4612 87.52995 88.13144 90.60735 88.09085 82.35395 83.99903 95.26003 113.8831 114.3046 95.92236 94.96041 116.0954 141.5819 135 119.9084 126.7872 129.8444 131.0321 136.2946 129.2894 133.9325 157.4516 159.5777 142.0284 125.4011 111.6444 78.69007 57.63336 62.24146 57.84771 47.29061 50.44033 12.17146 327.0223 321.3694 319.6583 316.0122 308.384 309.1964 302.4891 290.2506 280.0894 234.648 147.4925
183.5035 185.7928 186.009 187.9435 188.9149 188.5087 190.7681 195.0685 201.9948 213.173 226.0769 236.266 241.404 242.3352 247.7965 261.8699 274.1849 265.2504 247.2059 195.8902 113.2283 103.8321 106.1769 109.7989 87.65836 68.67863 66.98412 81.19829 113.7136 122.2889 97.12502 93.31094 112.249 128.3456 113.334 103.0616 102.5288 105.3955 108.0272 99.82528 89.61547 84.35175 90 87.56335 76.07904 60.03782 58.06932 69.84239 67.38013 56.30993 51.98106 24.44395 335.6744 321.539 324.6698 331.3004 333.3415 323.8958 315.5989 301.1664 293.5523 291.4325 137.8341 143.8248
180 180.7848 180 180 177.8389 175.2002 173.5169 171.1317 189.5366 211.0581 222.4142 227.4293 231.8428 237.8683 247.0231 260.8821 265.4323 246.9275 224.5787 206.1351 124.771 92.88784 92.6516 108.0723 118.1683 86.68906 69.7143 72.88822 86.61366 117.372 104.1026 84.52263 71.26664 93.36646 116.1139 115.7693 105.4498 105.3955 104.4 93.13636 88.33971 93.30186 101.0409 100.2441 90.64375 77.22876 70.20113 69.51965 59.85862 37.87498 6.679886 345.6507 332.8577 318.9244 321.3824 330.7236 341.8731 343.4632 324.5799 297.3902 281.3521 262.0645 114.118 121.6672
180 176.8202 174.8056 172.0565 167.5926 162.4287 155.1062 143.348 180.9912 213.3106 213.9226 219.8587 227.7127 230.8125 239.1361 253.2685 252.7342 233.7853 219.8243 211.4641 164.6643 111.2013 104.6282 119.8047 147.6258 123.2317 95.47141 80.90454 73.81897 76.93068 97.85331 90.37447 62.79599 75.56084 101.3099 122.9492 103.0419 90.29997 88.36343 93.75855 94.59055 91.08092 84.28941 80.65533 77.22876 74.60445 74.0546 57.99462 17.65012 352.25 342.3075 337.7272 332.0794 320.272 320.1633 328.0975 348.8221 5.378406 338.778 302.8557 267.1729 195.9454 132.4362 118.706
176.6335 174.2072 169.9025 164.6237 158.8753 150.4463 137.9207 114.2858 137.6324 199.2307 202.4987 215.1228 223.0988 226.0162 235.7776 240.5528 236.8887 232.2817 222.0047 206.565 167.8958 134.1319 120.4283 121.9483 150.7247 141.4698 104.3886 81.61297 67.35838 63.43495 72.88029 70.90651 47.52612 78.02386 94.66187 116.7915 95.90614 72.02158 64.19884 67.08044 66.2796 61.03994 59.65675 69.22775 77.00539 58.70696 24.55045 2.260502 348.2317 340.7332 336.4854 333.6418 327.926 322.4553 321.6893 327.4332 356.9257 24.85635 0.5968094 281.1429 212.4712 171.9776 155.8832 167.0054
180 172.1169 165.1735 159.1791 151.8868 141.0542 126.8699 111.7211 107.9279 139.9697 190.1755 217.7734 232.7934 248.9376 256.0139 246.9434 234.5002 222.546 214.3035 189.4228 149.2296 118.0879 105.8077 101.3099 111.6951 132.4739 112.2972 86.86754 68.0192 61.40125 56.0894 37.27136 35.13419 73.49564 78.69007 71.23194 55.30485 53.56089 60.21633 62.00285 50.92458 42.32457 37.18471 35.36246 17.1759 357.8434 354.2537 349.4153 346.0237 342.0956 336.4312 330.3215 321.1636 320.9519 324.6166 301.2509 153.2325 129.6233 149.5201 180 174.6772 159.6236 163.1582 180.2491
176.0091 169.439 161.565 154.9831 146.5346 135 121.185 106.0203 91.78991 82.15829 79.99202 259.5438 273.6667 285.717 297.646 298.3499 249.1142 212.7604 211.2748 192.8043 164.4759 60.01244 71.39993 71.56505 66.5713 84.98689 105.611 107.468 91.48402 73.65712 60.01244 50.64462 55.58732 71.97527 69.04062 56.40655 37.87498 50.26239 68.4287 64.98311 32.73523 21.34579 10.8595 6.036036 358.4442 352.0858 349.6209 345.6458 346.1682 345.6082 338.8774 332.1759 324.1136 325.8516 51.54629 148.5795 160.5733 160.4699 166.3832 175.6955 173.5169 153.8906 158.0042 177.6602
175.6013 167.0054 158.9625 152.1027 143.1301 131.1859 115.821 96.009 70.01689 42.83892 10.00798 318.9098 295.3581 295.501 304.0803 291.9296 169.4792 196.4442 206.0889 207.741 227.6026 62.47477 55.95406 43.95837 41.18592 55.64287 74.33527 92.55289 100.7681 94.35422 85.29794 77.66886 64.85522 61.38954 59.73032 45 19.51587 23.45902 41.03208 24.29807 4.796799 4.537773 356.0165 356.0741 355.001 347.8431 345.2448 343.3008 344.4975 344.5502 339.7174 335.8708 334.1955 96.009 129.5493 133.8269 143.5836 148.806 160.9107 175.4722 176.6215 167.0054 157.8868 166.7959
173.6598 166.8275 157.1095 149.8265 141.5198 128.6598 114.0755 91.16914 51.17017 8.130102 339.8027 310.3549 286.6719 274.4233 231.3402 159.404 176.7147 187.8896 192.234 206.3764 209.4759 226.6433 55.26514 61.04206 68.59482 96.85976 104.6209 84.61069 82.59627 84.02567 76.31355 52.53944 20.89777 17.50924 20.74285 17.98982 13.45584 14.68614 19.65382 11.30993 5.223948 1.566971 351.2802 350.3688 347.1957 342.8476 347.3944 342.0092 334.1703 330.6831 325.6012 266.1859 156.6087 138.0394 141.9452 142.2014 136.5343 129.3666 143.8974 168.0917 170.9267 174.2604 168.8481 167.2683
174.8056 168.1785 158.1986 148.134 142.5947 131.1859 118.4956 103.5704 56.30993 306.8699 282.6193 267.8168 254.9496 242.7353 187.679 151.7765 191.7187 189.623 180.9645 200.1648 209.7126 234.2034 195.1766 112.5261 118.1651 125.7131 154.2063 162.1268 147.1596 136.9921 75.32361 34.41268 41.09951 51.63251 23.19859 26.36188 39.28941 37.44683 25.79232 23.98792 12.49892 356.3478 348.0362 339.2278 335.9497 350.0211 33.07068 168.4862 208.0245 213.8827 174.4829 169.3172 167.7253 137.1031 138.2952 157.4794 144.8365 128.2902 134.5979 150.0602 157.1412 167.4211 171.1814 177.1659
174.0939 168.1113 160.641 149.5345 143.427 137.2026 127.875 129.2894 161.565 212.6609 211.1088 223.3224 228.6491 228.7106 191.4122 158.5523 202.7272 195.4993 179.4791 195.4612 214.5923 226.5406 197.5072 135.5041 124.5152 119.7305 142.2564 169.0389 169.9442 174.5398 183.3533 175.5624 163.1846 170.1807 180.1254 181.3639 149.0936 144.6252 174.6991 26.17529 351.8699 348.7669 344.0773 330.3717 325.9611 66.31791 113.2355 148.4532 189.3721 208.4833 166.7595 151.8457 171.2766 144.5853 132.0892 159.0202 141.9635 129.0707 137.6734 136.3069 144.1624 152.7257 159.108 180.4815
180 168.0239 159.444 151.2602 144.0903 141.8428 139.3987 141.5819 156.0375 173.2338 165.2564 210.1137 216.6341 220.9666 202.5604 173.6937 207.4626 205.2011 188.1301 195.8025 223.2322 226.9749 203.1586 144.7381 134.6669 127.4253 128.9578 156.4052 160.641 167.2622 177.9607 179.5477 175.4775 178.0251 179.1898 190.6421 171.7475 160.8724 193.3161 205.9274 237.75 243.435 240.8519 241.0976 190.008 133.8983 121.6926 127.0304 178.1323 209.6846 174.8871 153.435 162.3777 153.2962 135.8814 151.9617 139.4498 126.1136 138.3797 135.6794 138.2287 140.856 137.3718 166.4768
180 170.8376 158.1986 151.9275 146.7683 141.8428 139.3987 139.2364 142.3524 146.5922 127.3332 200.2249 191.1173 215.2071 209.5591 183.1312 206.6767 212.4712 197.1363 191.8215 213.5086 228.5763 206.7961 133.5781 133.4306 133.0303 129.9528 150.5111 147.9178 142.696 154.2307 168.634 173.6356 181.8779 185.0902 196.8457 181.302 161.9522 183.1378 197.5118 209.3227 189.9799 185.9784 194.8061 181.6039 145.8588 130.8608 143.8264 155.2506 175.2191 168.8351 166.6494 167.1214 163.676 150.5364 147.0948 138.4833 122.4475 122.8687 128.3226 138.7565 151.321 142.8153 151.7239
180 170.8376 160.4633 152.6501 147.8043 139.9697 135 132.7974 129.4725 128.4802 122.6192 145.4915 141.8817 203.1986 208.6012 191.8951 209.8214 217.664 203.6294 188.9306 204.2359 221.0477 206.9522 117.7137 111.9588 120.0686 121.9903 140.6515 147.0048 135.6821 129.1527 136.5824 148.1947 168.6294 188.2001 200.8068 183.7685 160.9497 173.778 197.0243 210.0232 196.0542 183.9742 190.1006 190.831 162.2161 142.7183 171.6419 158.0615 131.1604 135.5907 154.7989 163.5746 166.4199 164.2193 155.4804 151.1506 127.8328 98.39292 100.0806 117.3499 143.0544 148.2037 149.2645
171.0274 165.4655 161.565 152.5256 146.3099 140.4403 132.3974 125.5377 118.4956 113.5523 107.7447 98.80679 80.86983 96.70984 221.9059 218.2695 226.9462 225.8583 212.7749 199.8494 213.2749 235.3273 238.4218 100.7131 94.38103 99.85972 104.5582 117.8697 130.192 122.692 112.4428 111.8449 121.7428 142.9269 174.457 192.3259 182.0293 162.6524 172.5581 195.8657 205.4077 199.648 187.1604 186.1838 189.4302 177.0089 169.2943 184.3683 178.6252 143.9306 112.5641 120.8053 140.1944 159.5901 159.3765 151.9553 167.9574 169.4874 115.0894 89.78857 84.80557 100.7597 126.9282 142.7822
167.4712 163.0725 160.0169 151.3895 144.4623 138.1798 128.991 119.0546 110.556 102.5288 91.27303 74.74488 53.97263 27.95097 346.4296 301.6075 266.3785 249.8552 238.6809 235.7843 254.6872 271.7961 268.0079 106.8023 98.94855 94.42129 92.47522 101.6048 126.8699 135 129.2513 114.3701 110.4676 131.8849 148.8655 165.4786 174.0273 164.299 173.8082 188.4047 197.4801 196.742 188.7727 190.5796 188.217 187.2942 191.2008 185.371 189.4332 177.6141 132.3676 119.6785 128.991 152.7713 150.2551 136.7806 165.1601 188.9275 156.1814 129.0939 113.1986 98.04906 103.3154 124.0389
167.4712 167.7352 161.565 149.9314 142.5947 135 128.2902 116.565 105.9454 95.52754 78.02386 54.78241 33.40783 9.462322 345.9637 326.9293 301.1088 289.2593 286.8493 288.0605 292.6381 292.2218 297.6995 112.5979 114.6138 105.2255 93.5323 91.51312 105.2551 123.0707 132.3632 123.0558 105.8928 120.7627 143.4007 154.7468 164.8628 162.2799 167.2757 178.0951 191.1842 194.2516 190.9572 197.7292 196.0092 198.435 201.3943 194.1232 200.7042 187.0967 151.9553 120.6912 129.8479 156.9218 154.1632 132.7605 145.231 180 170.6279 153.6693 150.6965 129.2894 110.7387 118.0092
169.992 169.6952 164.7449 156.8014 149.9314 138.5763 131.4237 120.9638 106.9275 87.51044 62.35402 39.28941 15.52411 352.1847 333.4349 323.1301 310.5154 300.5432 297.8973 295.54 297.1213 294.9105 93.69138 102.3278 104.1151 102.139 91.91624 86.10415 87.86132 91.97494 98.48432 106.7925 103.0244 105.3357 119.6301 139.11 150.9454 149.5111 150.9834 162.4234 181.0658 190.7694 192.053 200.1763 202.3235 198.2212 199.0852 200.7479 204.7751 193.0274 161.2587 125.7942 131.5379 167.6961 165.0865 133.6441 124.7164 154.9651 170.9145 163.1673 155.9825 145.0183 124.9323 128.8469
176.1859 168.6901 163.3008 158.1986 154.6538 143.1301 130.9144 122.0054 106.3895 86.18593 56.30993 26.56505 355.2364 330.0685 315 303.5034 292.0679 282.4881 275.0636 267.1087 261.0274 228.6215 135.7572 112.2367 94.63546 88.16716 91.37483 93.27048 93.44739 93.55927 94.88276 103.3176 105.2551 96.19641 84.95755 80.48398 92.60256 98.59122 97.00127 111.5477 146.1241 178.768 190.8944 197.3659 198.1582 191.8671 193.9972 199.0549 208.2631 208.9721 164.34 123.8623 133.5024 172.3133 170.8671 160.5269 135.7322 137.7734 165.1999 163.951 148.8697 141.5142 128.6414 135.9588
168.6901 171.0274 163.6105 153.435 153.435 149.0362 135 123.6901 108.435 95.19443 71.56505 8.130102 325.3048 304.6952 292.8906 280.9807 267.614 253.8672 241.543 233.3659 221.7603 189.1624 151.6144 133.9488 119.1859 107.5924 105.8025 103.9348 100.3889 100.6849 103.1947 102.6334 96.94279 87.75825 78.23171 73.19131 74.80475 70.46335 76.69082 86.98721 92.70294 117.7076 171.7977 187.0362 190.9867 190.0707 194.7083 202.4344 215.8128 215.9786 180.3048 127.3517 131.6439 165.8867 165.3557 167.6192 145.105 138.8141 164.3417 161.8191 145.0221 135.6611 124.992 133.3819
