data/static/orig/dem_rofental_100a.dat
ncols         183
nrows         158
xllcorner     629823,17944444
yllcorner     5180158,5011111
cellsize      100
NODATA_value  -9999
[rows 0 to 37 of 158, columns 84 to 167 of 183]
2742 2717 2695 2676 2662 2652 2646 2644 2645 2649 2654 2661 2671 2684 2700 2721 2749 2783 2823 2862 2899 2929 2954 2971 2980 2984 2987 2994 3008 3027 3046 3063 3080 3094 3107 3119 3132 3145 3159 3174 3192 3212 3235 3258 3278 3292 3296 3289 3275 3258 3242 3226 3210 3195 3181 3167 3154 3141 3130 3119 3109 3099 3089 3078 3066 3053 3039 3024 3007 2989 2969 2948 2925 2901 2877 2852 2826 2800 2774 2748 2722 2697 2671 2646
2741 2715 2692 2673 2658 2648 2642 2641 2643 2647 2652 2658 2668 2681 2696 2715 2742 2778 2821 2865 2903 2935 2960 2977 2986 2987 2983 2986 3005 3026 3046 3064 3080 3095 3107 3119 3131 3144 3157 3172 3189 3209 3233 3259 3283 3301 3306 3295 3275 3257 3241 3225 3210 3195 3180 3166 3153 3141 3130 3119 3109 3099 3089 3078 3067 3054 3041 3025 3008 2990 2970 2949 2926 2902 2878 2852 2826 2800 2774 2748 2722 2696 2671 2646
2740 2712 2686 2666 2651 2639 2633 2635 2640 2644 2647 2652 2662 2676 2690 2703 2720 2772 2818 2875 2913 2947 2975 2993 3000 2996 2978 2951 2999 3028 3048 3065 3083 3097 3107 3117 3129 3142 3154 3167 3181 3202 3230 3260 3293 3322 3336 3312 3272 3253 3238 3224 3209 3194 3179 3165 3151 3139 3128 3118 3109 3100 3090 3080 3069 3057 3043 3028 3011 2993 2973 2951 2928 2904 2879 2853 2827 2801 2774 2748 2722 2696 2671 2645
2739 2705 2676 2654 2639 2625 2612 2624 2636 2641 2641 2640 2651 2669 2684 2689 2674 2763 2837 2888 2925 2967 2999 3020 3028 3019 2989 2990 3003 3038 3050 3060 3085 3105 3103 3111 3125 3139 3152 3161 3161 3189 3222 3259 3302 3360 3405 3316 3257 3246 3235 3223 3209 3194 3178 3162 3148 3136 3126 3117 3109 3100 3091 3082 3072 3060 3047 3033 3016 2997 2977 2955 2931 2907 2881 2855 2828 2801 2775 2748 2722 2696 2670 2645
2737 2695 2660 2644 2627 2612 2611 2614 2638 2645 2640 2640 2648 2668 2685 2691 2710 2736 2799 2867 2944 2997 3034 3060 3074 3079 3045 3039 3045 3069 3068 3106 3125 3117 3108 3111 3118 3136 3151 3159 3173 3169 3208 3252 3287 3365 3464 3336 3263 3239 3233 3224 3211 3195 3176 3157 3142 3132 3123 3115 3108 3101 3093 3085 3076 3066 3053 3039 3023 3004 2983 2960 2936 2910 2884 2857 2830 2802 2775 2748 2721 2695 2669 2644
2739 2684 2668 2658 2631 2627 2641 2636 2648 2662 2667 2693 2696 2710 2720 2725 2745 2764 2862 2914 2995 3039 3082 3114 3126 3164 3129 3101 3117 3132 3131 3157 3146 3144 3152 3146 3133 3133 3152 3187 3190 3186 3190 3250 3292 3404 3422 3367 3281 3249 3237 3230 3219 3202 3177 3145 3132 3126 3119 3113 3107 3102 3096 3089 3082 3073 3062 3048 3032 3012 2991 2967 2942 2915 2888 2859 2831 2803 2775 2748 2720 2694 2668 2642
2750 2697 2698 2680 2656 2663 2665 2676 2686 2709 2753 2758 2762 2776 2772 2775 2783 2833 2910 2975 3058 3077 3150 3187 3187 3231 3166 3165 3173 3189 3183 3188 3184 3193 3177 3178 3161 3158 3186 3211 3216 3229 3275 3302 3387 3486 3423 3374 3324 3278 3256 3240 3226 3209 3184 3152 3125 3121 3113 3111 3107 3102 3098 3094 3089 3082 3073 3060 3043 3024 3001 2976 2949 2921 2892 2862 2833 2804 2775 2747 2719 2692 2666 2641
2801 2741 2743 2719 2696 2696 2705 2726 2744 2763 2803 2846 2853 2845 2853 2859 2897 2938 2957 3028 3095 3101 3163 3297 3292 3302 3253 3232 3222 3235 3222 3227 3222 3204 3196 3190 3182 3185 3237 3255 3252 3278 3303 3416 3463 3491 3414 3373 3341 3310 3283 3254 3234 3211 3184 3160 3143 3127 3116 3109 3106 3102 3101 3100 3098 3094 3087 3075 3059 3038 3014 2987 2958 2928 2897 2866 2835 2804 2775 2746 2718 2690 2664 2638
2837 2814 2803 2778 2763 2754 2770 2797 2811 2847 2870 2935 2946 2925 2930 2971 2955 2977 3048 3109 3121 3135 3219 3337 3337 3308 3294 3277 3264 3250 3248 3259 3253 3232 3218 3209 3217 3220 3306 3311 3296 3311 3334 3372 3451 3537 3421 3376 3350 3324 3298 3268 3243 3215 3184 3162 3155 3143 3131 3121 3107 3101 3103 3106 3110 3110 3105 3095 3079 3057 3030 3000 2968 2935 2902 2869 2836 2805 2774 2744 2715 2687 2661 2635
2883 2873 2838 2823 2831 2825 2835 2852 2872 2896 2937 3020 3029 3004 3021 3040 3039 3057 3099 3148 3149 3210 3300 3334 3324 3313 3302 3289 3271 3266 3273 3272 3263 3246 3233 3228 3280 3320 3362 3382 3374 3370 3372 3393 3419 3498 3454 3373 3356 3330 3303 3275 3251 3220 3189 3168 3163 3160 3152 3140 3116 3101 3102 3112 3124 3131 3130 3121 3105 3081 3050 3015 2979 2943 2907 2871 2837 2804 2772 2741 2712 2684 2657 2631
2920 2901 2882 2908 2935 2904 2899 2916 2934 2956 3009 3124 3110 3091 3101 3132 3133 3142 3200 3212 3219 3291 3348 3351 3332 3325 3316 3304 3284 3286 3281 3273 3259 3249 3240 3263 3309 3345 3378 3415 3440 3438 3415 3417 3437 3492 3522 3403 3360 3326 3300 3274 3257 3229 3203 3183 3174 3169 3164 3159 3133 3107 3103 3113 3144 3159 3161 3156 3140 3111 3073 3033 2991 2951 2911 2873 2837 2802 2769 2738 2708 2679 2652 2626
2966 2953 2976 2995 2978 2974 2977 3017 3022 3055 3112 3203 3205 3183 3205 3225 3228 3235 3243 3247 3277 3365 3377 3370 3355 3343 3336 3329 3318 3305 3300 3290 3266 3261 3273 3308 3347 3373 3405 3434 3449 3462 3453 3448 3462 3486 3519 3442 3374 3335 3295 3268 3253 3237 3216 3194 3186 3180 3176 3174 3162 3139 3134 3148 3188 3198 3201 3201 3189 3150 3100 3050 3003 2957 2915 2874 2836 2799 2765 2733 2702 2673 2646 2620
3030 3040 3043 3033 3049 3085 3101 3115 3154 3200 3231 3267 3311 3286 3304 3311 3311 3291 3264 3278 3371 3392 3390 3376 3363 3355 3354 3352 3337 3330 3341 3346 3341 3322 3342 3377 3397 3416 3483 3467 3472 3464 3495 3501 3532 3515 3522 3465 3398 3349 3294 3262 3248 3239 3224 3204 3195 3192 3187 3186 3190 3231 3239 3220 3194 3230 3249 3259 3273 3200 3127 3066 3012 2962 2916 2873 2833 2795 2759 2726 2695 2665 2638 2613
3064 3081 3094 3098 3153 3193 3207 3212 3238 3277 3322 3344 3367 3320 3307 3340 3354 3321 3317 3376 3409 3402 3395 3384 3372 3366 3363 3371 3379 3371 3380 3388 3394 3387 3418 3431 3427 3444 3515 3509 3489 3491 3518 3573 3582 3558 3536 3490 3441 3372 3300 3264 3249 3239 3228 3214 3205 3201 3199 3199 3211 3184 3144 3123 3130 3164 3251 3314 3351 3236 3144 3076 3017 2963 2914 2869 2827 2788 2752 2717 2685 2656 2628 2603
3081 3106 3119 3129 3139 3186 3252 3271 3282 3302 3366 3318 3297 3280 3282 3287 3362 3399 3423 3445 3432 3416 3404 3391 3381 3379 3384 3396 3399 3401 3403 3408 3417 3429 3479 3465 3459 3476 3562 3555 3533 3538 3557 3614 3633 3602 3549 3462 3430 3424 3324 3279 3257 3243 3232 3223 3216 3213 3214 3219 3176 3120 3098 3074 3089 3135 3215 3275 3280 3187 3145 3081 3018 2960 2909 2863 2820 2779 2742 2707 2674 2644 2616 2591
3104 3118 3133 3140 3169 3184 3250 3297 3303 3319 3289 3267 3265 3265 3265 3269 3281 3364 3433 3445 3439 3418 3405 3397 3393 3397 3409 3429 3415 3410 3413 3419 3431 3440 3452 3542 3558 3577 3640 3631 3609 3612 3642 3632 3595 3557 3498 3441 3393 3355 3371 3309 3278 3256 3240 3233 3230 3230 3237 3212 3145 3083 3060 3045 3065 3108 3164 3260 3211 3154 3107 3098 3014 2951 2900 2853 2809 2768 2730 2694 2661 2630 2602 2577
3160 3170 3162 3181 3199 3216 3223 3210 3205 3206 3233 3244 3253 3256 3254 3257 3267 3295 3373 3413 3427 3410 3407 3406 3407 3421 3458 3505 3437 3424 3421 3427 3440 3455 3471 3510 3559 3598 3617 3677 3735 3713 3594 3529 3482 3446 3436 3407 3361 3325 3275 3279 3316 3301 3271 3254 3255 3259 3266 3177 3089 3054 3030 3022 3055 3094 3142 3234 3169 3124 3091 3096 2996 2933 2886 2841 2797 2755 2716 2679 2645 2614 2586 2561
3252 3241 3257 3277 3278 3207 3192 3182 3180 3192 3211 3229 3241 3244 3243 3244 3252 3276 3373 3464 3415 3412 3419 3428 3450 3490 3549 3556 3472 3441 3430 3434 3444 3463 3477 3507 3574 3596 3621 3651 3745 3642 3542 3487 3450 3420 3382 3357 3326 3278 3240 3225 3232 3277 3337 3335 3317 3314 3210 3123 3072 3038 3014 3013 3053 3099 3156 3207 3090 3029 3028 3014 2990 2902 2871 2830 2784 2740 2699 2661 2626 2594 2566 2541
3339 3338 3330 3264 3262 3176 3169 3167 3167 3174 3183 3202 3219 3223 3227 3230 3238 3264 3385 3398 3361 3341 3428 3417 3469 3520 3555 3602 3507 3468 3447 3444 3453 3474 3509 3570 3627 3630 3632 3677 3760 3639 3532 3471 3442 3412 3384 3342 3310 3264 3230 3212 3206 3222 3273 3332 3296 3236 3205 3096 3063 3023 3011 2995 3052 3111 3183 3181 3089 2989 2954 2915 2879 2852 2847 2826 2768 2722 2680 2640 2604 2572 2544 2518
3267 3348 3267 3200 3177 3151 3150 3151 3152 3154 3153 3161 3177 3188 3207 3214 3226 3294 3377 3321 3311 3302 3348 3361 3433 3480 3477 3490 3557 3517 3487 3467 3448 3502 3504 3573 3672 3656 3648 3656 3636 3605 3551 3477 3460 3441 3367 3329 3290 3261 3233 3213 3198 3196 3229 3285 3276 3224 3166 3102 3063 3017 3005 2985 3037 3106 3102 3095 3065 2960 2924 2898 2857 2823 2809 2789 2736 2704 2660 2616 2578 2546 2518 2494
3225 3291 3249 3164 3151 3138 3137 3136 3137 3136 3136 3132 3162 3180 3192 3197 3234 3323 3350 3306 3297 3294 3306 3332 3397 3444 3439 3450 3464 3443 3409 3356 3358 3395 3448 3502 3582 3625 3611 3559 3523 3521 3543 3506 3471 3433 3361 3304 3255 3253 3233 3208 3192 3182 3195 3271 3246 3252 3180 3101 3056 3006 2993 2981 3002 3050 3063 3051 3049 3002 2945 2885 2855 2825 2792 2756 2727 2700 2636 2586 2548 2516 2489 2467
3191 3188 3187 3128 3128 3126 3127 3126 3128 3125 3125 3130 3142 3159 3171 3175 3252 3354 3282 3280 3279 3281 3289 3321 3364 3400 3409 3423 3393 3350 3296 3290 3315 3359 3407 3430 3485 3539 3549 3477 3448 3460 3532 3518 3481 3424 3356 3308 3255 3242 3219 3194 3178 3167 3171 3241 3218 3208 3174 3124 3029 2993 2979 2984 2983 3012 2975 3005 2988 3022 2984 2918 2842 2823 2756 2716 2692 2633 2590 2547 2510 2480 2456 2438
3163 3145 3121 3107 3110 3113 3112 3112 3113 3112 3112 3120 3132 3139 3143 3176 3262 3253 3239 3242 3250 3261 3273 3287 3327 3388 3391 3411 3325 3273 3259 3252 3292 3315 3310 3329 3376 3464 3481 3414 3373 3407 3470 3508 3533 3452 3357 3308 3264 3241 3208 3187 3168 3145 3126 3160 3126 3171 3198 3122 3019 2972 2958 2971 2971 2977 2938 2908 2907 2918 2918 2895 2821 2767 2728 2683 2651 2601 2539 2499 2466 2439 2417 2402
3137 3119 3101 3092 3093 3094 3088 3086 3088 3098 3100 3104 3116 3116 3117 3167 3263 3197 3213 3226 3238 3249 3263 3278 3296 3349 3374 3414 3322 3250 3225 3224 3224 3214 3250 3287 3328 3413 3384 3344 3309 3340 3390 3407 3459 3510 3414 3333 3275 3237 3202 3171 3154 3117 3091 3052 3047 3103 3142 3063 2996 2955 2943 2953 2939 2951 2931 2886 2854 2852 2841 2828 2787 2742 2705 2655 2596 2550 2493 2438 2415 2390 2371 2358
3118 3102 3088 3079 3073 3067 3057 3056 3065 3083 3089 3091 3097 3100 3105 3158 3185 3168 3195 3213 3227 3244 3261 3279 3299 3318 3349 3415 3308 3239 3212 3187 3171 3181 3214 3274 3240 3263 3252 3252 3243 3288 3306 3324 3368 3426 3461 3431 3359 3257 3190 3143 3118 3083 3061 3041 3017 3041 3128 3023 2973 2940 2928 2929 2927 2936 2882 2834 2807 2796 2795 2768 2735 2690 2654 2586 2529 2485 2437 2389 2365 2344 2316 2302
3100 3085 3070 3064 3059 3053 3050 3051 3055 3065 3071 3080 3080 3086 3095 3166 3148 3170 3187 3202 3209 3236 3258 3281 3301 3319 3345 3364 3291 3243 3211 3183 3162 3154 3166 3187 3139 3113 3133 3156 3192 3219 3227 3254 3290 3352 3362 3371 3385 3319 3221 3130 3085 3046 3028 3016 3008 2998 3030 3082 2980 2934 2929 2920 2923 2904 2848 2799 2759 2734 2723 2708 2685 2625 2584 2538 2476 2427 2378 2353 2320 2296 2277 2254
3079 3065 3052 3049 3046 3038 3037 3040 3040 3045 3048 3059 3060 3066 3076 3101 3141 3168 3181 3196 3197 3211 3235 3278 3314 3349 3413 3426 3311 3256 3211 3176 3151 3136 3139 3154 3088 3072 3088 3108 3114 3146 3162 3187 3215 3261 3287 3276 3303 3293 3192 3115 3061 3029 3012 2977 2964 2953 2968 3001 3011 2941 2931 2899 2888 2882 2832 2791 2746 2714 2685 2646 2607 2572 2503 2454 2401 2368 2337 2322 2283 2258 2231 2205
3058 3045 3034 3031 3029 3024 3026 3028 3025 3023 3027 3035 3043 3051 3070 3101 3130 3157 3161 3184 3189 3203 3278 3358 3378 3413 3476 3459 3354 3284 3233 3189 3154 3120 3113 3105 3050 3046 3061 3070 3070 3071 3105 3112 3148 3195 3206 3209 3214 3236 3196 3085 3023 3008 2969 2871 2881 2914 2903 2939 3015 2964 2904 2882 2849 2830 2830 2794 2766 2708 2678 2613 2567 2528 2463 2403 2359 2327 2304 2267 2243 2227 2196 2165
3040 3022 3019 3007 3012 3013 3015 3017 3015 3008 3011 3016 3022 3036 3060 3084 3124 3141 3143 3164 3173 3257 3310 3307 3310 3339 3439 3517 3424 3339 3306 3229 3143 3113 3084 3078 3041 3029 3036 3039 3035 3026 3049 3055 3073 3116 3165 3157 3163 3142 3113 3086 2988 2970 2923 2858 2831 2858 2876 2904 2958 2984 2915 2871 2840 2803 2789 2771 2741 2691 2652 2588 2540 2483 2439 2369 2324 2286 2260 2244 2212 2201 2177 2121
3024 3008 2994 2992 2994 2998 3002 3003 3002 2998 2999 3001 3009 3023 3031 3073 3110 3121 3128 3136 3181 3286 3314 3268 3284 3308 3401 3495 3483 3403 3317 3223 3152 3111 3076 3064 3032 3015 3015 3018 3015 3007 2993 2997 3011 3062 3131 3110 3084 3071 3054 2991 2934 2893 2866 2833 2820 2809 2866 2905 2967 3000 2936 2868 2811 2778 2737 2731 2695 2650 2606 2556 2494 2453 2410 2346 2291 2263 2244 2219 2188 2176 2144 2062
3005 2991 2980 2982 2973 2983 2988 2986 2987 2989 2988 2989 3006 3020 3035 3069 3089 3103 3112 3109 3169 3205 3231 3254 3266 3285 3423 3503 3542 3446 3359 3249 3182 3133 3086 3041 3028 2992 2999 2993 2988 2977 2968 2954 2970 3026 3094 3111 3066 3046 3006 2964 2900 2847 2817 2792 2810 2808 2857 2909 2995 2998 2924 2904 2829 2771 2724 2670 2642 2598 2559 2524 2457 2406 2367 2318 2263 2241 2218 2189 2173 2155 2098 2039
2993 2977 2959 2952 2955 2964 2969 2971 2974 2979 2978 2979 2998 3019 3037 3059 3076 3091 3098 3109 3158 3208 3231 3249 3256 3279 3391 3480 3528 3423 3349 3283 3224 3211 3114 3038 3003 2980 2981 2980 2961 2944 2949 2937 2940 2988 3067 3122 3032 2988 2963 2922 2883 2828 2776 2761 2790 2800 2871 2931 2998 2941 2886 2863 2799 2737 2681 2639 2603 2574 2540 2481 2412 2359 2324 2280 2231 2202 2186 2157 2140 2129 2086 2051
2985 2963 2939 2915 2923 2941 2953 2957 2961 2967 2966 2970 2987 3011 3032 3045 3069 3086 3098 3123 3146 3192 3217 3236 3255 3290 3367 3448 3508 3483 3429 3346 3281 3240 3147 3072 3013 2966 2956 2959 2949 2920 2923 2926 2916 2956 3031 3104 3049 2989 2953 2890 2819 2768 2733 2728 2738 2783 2849 2898 2944 2886 2835 2797 2740 2674 2637 2618 2587 2551 2500 2441 2388 2329 2285 2237 2204 2176 2146 2113 2094 2083 2070 2030
2976 2943 2925 2908 2898 2917 2935 2941 2946 2951 2956 2961 2971 2998 3023 3031 3063 3081 3104 3133 3163 3186 3204 3226 3264 3319 3404 3430 3436 3446 3362 3271 3210 3164 3126 3073 3033 2974 2945 2935 2935 2908 2901 2902 2925 2935 2992 3053 3060 2983 2923 2862 2791 2732 2700 2696 2722 2802 2825 2865 2859 2824 2776 2737 2693 2647 2618 2595 2575 2531 2477 2406 2346 2304 2254 2205 2179 2156 2117 2080 2060 2047 2022 1983
2974 2942 2913 2904 2892 2894 2917 2927 2930 2932 2940 2947 2954 2982 3008 3038 3051 3066 3072 3105 3156 3182 3226 3257 3317 3389 3358 3351 3362 3395 3380 3307 3215 3154 3109 3069 3042 2998 2949 2932 2928 2915 2880 2878 2924 2902 2932 2970 3018 2941 2884 2834 2763 2702 2672 2680 2725 2746 2800 2829 2820 2793 2738 2693 2650 2621 2591 2578 2539 2489 2447 2382 2333 2278 2241 2172 2145 2103 2049 2054 2028 2009 1978 1930
2937 2935 2916 2902 2889 2868 2923 2913 2911 2908 2919 2926 2945 2970 3004 3033 3046 3055 3103 3145 3159 3201 3238 3308 3398 3312 3298 3280 3295 3327 3366 3281 3220 3194 3170 3115 3040 2990 2966 2929 2901 2887 2878 2864 2888 2859 2905 2914 2958 2925 2871 2822 2745 2678 2653 2672 2702 2698 2753 2779 2766 2729 2695 2662 2620 2601 2581 2544 2501 2443 2410 2355 2302 2255 2214 2142 2107 2087 2032 2002 1982 1963 1904 1865
2898 2919 2921 2897 2880 2852 2913 2905 2897 2891 2892 2912 2954 2983 3023 3031 3053 3075 3082 3113 3153 3200 3263 3312 3391 3293 3274 3252 3232 3250 3295 3226 3185 3152 3123 3097 3054 2957 2928 2901 2874 2864 2853 2837 2851 2828 2860 2872 2888 2896 2856 2809 2736 2669 2631 2636 2654 2658 2708 2742 2730 2678 2643 2626 2601 2575 2561 2512 2453 2415 2370 2317 2279 2228 2182 2140 2106 2056 2002 1958 1938 1895 1863 1853
2871 2853 2834 2836 2850 2839 2836 2911 2900 2887 2857 2909 2955 3020 3037 3041 3038 3047 3056 3093 3128 3161 3197 3306 3381 3291 3259 3228 3200 3195 3238 3191 3138 3112 3100 3064 3008 2958 2911 2879 2839 2832 2819 2816 2815 2791 2810 2846 2849 2839 2819 2785 2732 2660 2610 2605 2612 2611 2657 2699 2675 2634 2616 2590 2579 2554 2525 2474 2429 2392 2348 2305 2264 2212 2177 2135 2081 2009 1981 1935 1895 1865 1868 1900
