data/static/orig/dem_rofental_100a.dat
ncols         183
nrows         158
xllcorner     629823,17944444
yllcorner     5180158,5011111
cellsize      100
NODATA_value  -9999
[rows 0 to 37 of 158, columns 0 to 83 of 183]
2823 2823 2823 2823 2823 2823 2823 2823 2823 2822 2822 2822 2822 2822 2821 2821 2821 2821 2821 2821 2821 2820 2820 2821 2821 2821 2821 2822 2822 2823 2824 2824 2826 2827 2828 2830 2831 2833 2835 2838 2840 2843 2846 2849 2852 2856 2859 2863 2867 2871 2875 2879 2883 2887 2891 2895 2898 2901 2904 2906 2908 2909 2910 2911 2911 2910 2909 2908 2906 2905 2903 2901 2899 2897 2895 2891 2886 2878 2868 2855 2837 2817 2793 2768
2823 2823 2823 2823 2823 2823 2823 2823 2823 2822 2822 2822 2822 2822 2821 2821 2821 2821 2821 2821 2820 2820 2820 2821 2821 2821 2821 2822 2822 2823 2823 2824 2825 2827 2828 2829 2831 2833 2835 2838 2840 2843 2846 2849 2852 2856 2859 2863 2867 2871 2875 2879 2883 2887 2891 2895 2898 2901 2904 2906 2908 2910 2911 2911 2911 2910 2909 2908 2907 2905 2903 2901 2900 2898 2895 2892 2887 2881 2871 2858 2841 2819 2795 2768
2824 2823 2823 2823 2823 2823 2823 2823 2823 2822 2822 2822 2822 2822 2821 2821 2821 2821 2821 2821 2820 2820 2820 2820 2821 2821 2821 2821 2822 2822 2823 2824 2825 2826 2828 2829 2831 2833 2835 2837 2840 2842 2845 2848 2852 2855 2859 2863 2867 2871 2875 2879 2883 2887 2891 2895 2899 2902 2905 2907 2909 2911 2912 2912 2912 2911 2910 2909 2907 2905 2903 2901 2900 2898 2897 2895 2891 2886 2877 2865 2848 2826 2799 2770
2824 2824 2824 2823 2823 2823 2823 2823 2823 2823 2822 2822 2822 2822 2821 2821 2821 2821 2821 2820 2820 2820 2820 2820 2820 2821 2821 2821 2822 2822 2823 2824 2825 2826 2827 2829 2830 2832 2834 2836 2839 2842 2845 2848 2851 2855 2858 2862 2866 2871 2875 2879 2883 2888 2892 2896 2899 2903 2906 2908 2911 2912 2913 2914 2913 2912 2911 2909 2907 2905 2903 2901 2900 2899 2899 2898 2897 2894 2888 2877 2860 2837 2808 2774
2824 2824 2824 2824 2823 2823 2823 2823 2823 2823 2822 2822 2822 2822 2821 2821 2821 2821 2820 2820 2820 2820 2820 2820 2820 2820 2820 2821 2821 2822 2822 2823 2824 2825 2826 2828 2829 2831 2833 2836 2838 2841 2844 2847 2850 2854 2858 2862 2866 2870 2875 2879 2883 2888 2892 2896 2900 2904 2907 2910 2913 2914 2915 2916 2915 2914 2913 2910 2908 2905 2902 2901 2899 2899 2901 2902 2904 2905 2903 2896 2880 2855 2822 2781
2824 2824 2824 2824 2824 2823 2823 2823 2823 2823 2822 2822 2822 2822 2821 2821 2821 2821 2820 2820 2820 2820 2820 2820 2820 2820 2820 2820 2821 2821 2822 2822 2823 2824 2825 2827 2828 2830 2832 2835 2837 2840 2843 2846 2849 2853 2857 2861 2865 2870 2874 2879 2884 2888 2893 2897 2902 2906 2909 2912 2915 2917 2918 2919 2918 2917 2915 2912 2908 2905 2901 2899 2898 2899 2902 2907 2913 2919 2924 2922 2911 2884 2844 2794
2824 2824 2824 2824 2824 2824 2823 2823 2823 2823 2823 2822 2822 2822 2821 2821 2821 2821 2820 2820 2820 2820 2819 2819 2819 2819 2819 2820 2820 2820 2821 2821 2822 2823 2824 2826 2827 2829 2831 2833 2836 2838 2841 2844 2848 2852 2856 2860 2864 2869 2874 2879 2884 2889 2894 2899 2903 2908 2912 2915 2918 2920 2922 2922 2922 2920 2917 2914 2909 2904 2900 2896 2894 2896 2901 2909 2921 2935 2950 2960 2957 2930 2878 2817
2824 2824 2824 2824 2824 2824 2824 2823 2823 2823 2823 2822 2822 2822 2821 2821 2821 2820 2820 2820 2820 2819 2819 2819 2819 2819 2819 2819 2819 2819 2820 2820 2821 2822 2823 2824 2826 2827 2829 2831 2834 2837 2840 2843 2846 2850 2854 2859 2863 2868 2873 2878 2884 2889 2894 2900 2905 2910 2915 2919 2922 2925 2927 2927 2927 2925 2921 2917 2911 2904 2897 2891 2888 2889 2896 2909 2926 2949 2979 3011 3034 3004 2926 2859
2825 2825 2825 2824 2824 2824 2824 2824 2823 2823 2823 2823 2822 2822 2821 2821 2821 2820 2820 2820 2819 2819 2819 2818 2818 2818 2818 2818 2818 2818 2819 2819 2820 2821 2822 2823 2824 2826 2827 2830 2832 2835 2838 2841 2844 2848 2853 2857 2862 2867 2872 2878 2884 2889 2895 2901 2907 2913 2918 2923 2927 2930 2932 2933 2933 2931 2927 2921 2913 2904 2894 2884 2877 2876 2889 2904 2924 2956 3004 3070 3139 3048 2971 2911
2825 2825 2825 2825 2825 2824 2824 2824 2824 2823 2823 2823 2822 2822 2822 2821 2821 2820 2820 2819 2819 2819 2818 2818 2818 2817 2817 2817 2817 2817 2817 2818 2818 2819 2820 2821 2822 2823 2825 2827 2830 2832 2835 2838 2842 2846 2850 2855 2860 2866 2871 2877 2883 2890 2896 2903 2909 2916 2922 2927 2932 2937 2940 2941 2941 2939 2934 2927 2918 2905 2891 2875 2862 2847 2897 2893 2911 2941 3000 3093 3147 3084 2982 2910
2825 2825 2825 2825 2825 2825 2825 2824 2824 2824 2823 2823 2823 2822 2822 2821 2821 2820 2820 2819 2819 2818 2818 2817 2817 2817 2816 2816 2816 2816 2816 2816 2817 2817 2818 2819 2820 2821 2823 2825 2827 2829 2832 2836 2839 2843 2848 2853 2858 2864 2870 2876 2883 2890 2897 2904 2911 2919 2926 2933 2939 2944 2948 2951 2951 2950 2945 2937 2925 2910 2890 2864 2843 2855 2864 2875 2892 2909 2945 2986 3041 3076 2984 2947
2826 2826 2826 2826 2825 2825 2825 2825 2824 2824 2824 2823 2823 2822 2822 2821 2821 2820 2820 2819 2818 2818 2817 2817 2816 2816 2815 2815 2815 2815 2815 2815 2815 2815 2816 2816 2817 2818 2820 2822 2824 2826 2829 2832 2836 2840 2845 2850 2856 2862 2868 2875 2882 2890 2897 2905 2914 2922 2930 2938 2946 2953 2958 2963 2964 2963 2959 2950 2938 2921 2897 2857 2843 2859 2878 2888 2899 2924 2961 2989 3007 3064 3020 2990
2826 2826 2826 2826 2826 2826 2825 2825 2825 2824 2824 2823 2823 2822 2822 2821 2821 2820 2819 2819 2818 2817 2817 2816 2816 2815 2814 2814 2813 2813 2813 2813 2813 2813 2813 2814 2814 2815 2817 2818 2820 2823 2826 2829 2833 2837 2842 2847 2853 2859 2866 2873 2881 2889 2898 2907 2916 2925 2935 2944 2954 2962 2970 2977 2980 2981 2977 2968 2955 2939 2921 2912 2889 2884 2902 2918 2927 2950 2984 3012 3039 3047 3046 3040
2827 2827 2827 2827 2826 2826 2826 2825 2825 2825 2824 2824 2823 2823 2822 2821 2821 2820 2819 2819 2818 2817 2816 2816 2815 2814 2813 2813 2812 2812 2811 2811 2810 2810 2810 2811 2811 2812 2813 2815 2816 2819 2821 2825 2828 2833 2837 2843 2849 2856 2863 2871 2879 2888 2897 2907 2918 2928 2939 2951 2962 2973 2984 2993 3000 3004 3002 2993 2977 2959 2950 2946 2938 2930 2961 2955 2969 3011 3041 3059 3072 3071 3062 3058
2827 2827 2827 2827 2827 2827 2826 2826 2826 2825 2825 2824 2824 2823 2822 2822 2821 2820 2819 2818 2818 2817 2816 2815 2814 2813 2812 2811 2811 2810 2809 2809 2808 2808 2808 2808 2808 2808 2809 2810 2812 2814 2817 2820 2823 2828 2833 2838 2845 2852 2859 2868 2877 2886 2897 2907 2919 2931 2943 2957 2970 2984 2998 3012 3024 3032 3035 3028 3006 2976 2968 2968 2976 3010 3015 3004 3056 3094 3139 3133 3110 3081 3066 3071
2828 2828 2828 2828 2828 2827 2827 2827 2826 2826 2825 2825 2824 2823 2822 2822 2821 2820 2819 2818 2817 2816 2815 2814 2813 2812 2811 2810 2809 2808 2807 2806 2805 2805 2804 2804 2804 2804 2805 2806 2807 2809 2811 2814 2818 2822 2827 2833 2840 2847 2855 2864 2874 2884 2895 2907 2919 2933 2947 2962 2978 2995 3014 3032 3051 3067 3078 3082 3068 3009 2998 3021 3050 3072 3046 3066 3138 3182 3189 3170 3144 3104 3097 3091
2829 2829 2829 2828 2828 2828 2828 2827 2827 2826 2826 2825 2824 2824 2823 2822 2821 2820 2819 2818 2817 2816 2815 2814 2812 2811 2810 2809 2807 2806 2805 2804 2803 2802 2801 2800 2800 2800 2800 2801 2802 2803 2805 2808 2812 2816 2821 2827 2834 2841 2850 2859 2869 2881 2892 2905 2919 2933 2949 2966 2984 3005 3028 3053 3080 3106 3130 3154 3174 3146 3127 3123 3123 3116 3111 3133 3193 3233 3244 3237 3247 3219 3173 3146
2830 2830 2829 2829 2829 2829 2828 2828 2827 2827 2826 2826 2825 2824 2823 2822 2821 2820 2819 2818 2817 2816 2814 2813 2812 2810 2809 2807 2806 2804 2803 2801 2800 2799 2798 2797 2796 2795 2795 2795 2796 2797 2799 2801 2805 2809 2814 2820 2827 2835 2844 2854 2864 2876 2889 2903 2917 2933 2950 2968 2988 3012 3039 3072 3110 3149 3186 3213 3193 3169 3147 3141 3136 3136 3172 3236 3274 3303 3314 3344 3358 3320 3281 3259
2830 2830 2830 2830 2830 2829 2829 2829 2828 2828 2827 2826 2825 2825 2824 2823 2822 2820 2819 2818 2817 2815 2814 2812 2811 2809 2808 2806 2804 2802 2801 2799 2797 2795 2794 2792 2791 2790 2789 2789 2789 2790 2791 2794 2797 2800 2805 2811 2819 2827 2836 2847 2858 2871 2884 2899 2914 2931 2948 2968 2989 3014 3045 3084 3135 3195 3252 3237 3225 3201 3190 3186 3189 3196 3231 3312 3380 3390 3349 3292 3277 3266 3265 3303
2831 2831 2831 2831 2831 2830 2830 2829 2829 2828 2828 2827 2826 2825 2824 2823 2822 2821 2819 2818 2817 2815 2814 2812 2810 2808 2806 2804 2802 2800 2798 2796 2794 2792 2790 2788 2786 2785 2783 2782 2782 2782 2783 2785 2787 2791 2796 2802 2809 2818 2828 2839 2851 2864 2878 2894 2910 2927 2945 2965 2986 3010 3039 3081 3149 3215 3303 3285 3298 3271 3241 3229 3231 3234 3264 3340 3324 3352 3274 3261 3242 3231 3239 3249
2832 2832 2832 2832 2832 2831 2831 2830 2830 2829 2828 2828 2827 2826 2825 2824 2822 2821 2820 2818 2817 2815 2813 2811 2809 2807 2805 2803 2801 2798 2796 2793 2791 2788 2786 2783 2781 2779 2777 2775 2774 2774 2774 2775 2777 2780 2785 2791 2798 2807 2818 2829 2842 2856 2871 2887 2904 2922 2941 2960 2979 2999 3019 3039 3102 3188 3244 3372 3367 3316 3284 3292 3278 3285 3305 3273 3260 3273 3235 3211 3204 3206 3215 3221
2834 2833 2833 2833 2833 2832 2832 2831 2831 2830 2829 2828 2828 2827 2825 2824 2823 2822 2820 2818 2817 2815 2813 2811 2809 2807 2804 2802 2799 2797 2794 2791 2788 2785 2782 2779 2776 2773 2770 2768 2766 2764 2764 2764 2766 2768 2773 2778 2786 2795 2806 2818 2832 2847 2863 2880 2897 2916 2934 2953 2972 2987 2998 3023 3073 3149 3239 3345 3406 3371 3345 3330 3360 3337 3288 3259 3238 3216 3200 3186 3186 3190 3196 3198
2835 2835 2834 2834 2834 2834 2833 2832 2832 2831 2830 2829 2828 2827 2826 2825 2824 2822 2821 2819 2817 2815 2813 2811 2809 2806 2803 2801 2798 2795 2792 2788 2785 2781 2778 2774 2770 2766 2763 2760 2757 2754 2753 2752 2753 2755 2758 2764 2771 2781 2793 2806 2821 2836 2853 2871 2889 2908 2927 2945 2964 2979 2990 3017 3063 3142 3235 3319 3394 3379 3367 3386 3382 3308 3281 3249 3218 3196 3182 3173 3171 3171 3173 3173
2836 2836 2836 2835 2835 2835 2834 2834 2833 2832 2831 2830 2829 2828 2827 2826 2824 2823 2821 2819 2817 2815 2813 2811 2808 2806 2803 2800 2796 2793 2790 2786 2782 2778 2773 2769 2765 2760 2756 2751 2747 2744 2741 2739 2738 2739 2742 2747 2755 2765 2777 2791 2807 2824 2842 2861 2880 2900 2918 2933 2955 2973 2987 3015 3061 3142 3241 3344 3431 3430 3434 3503 3419 3305 3267 3239 3203 3179 3171 3162 3158 3158 3156 3149
2837 2837 2837 2837 2837 2836 2836 2835 2834 2833 2833 2832 2831 2829 2828 2827 2825 2824 2822 2820 2818 2816 2813 2811 2808 2805 2802 2799 2795 2792 2788 2783 2779 2774 2769 2764 2759 2753 2748 2742 2737 2732 2728 2724 2722 2721 2723 2728 2735 2746 2759 2775 2792 2811 2830 2850 2870 2891 2910 2930 2949 2969 2992 3016 3064 3176 3271 3383 3503 3492 3486 3500 3409 3334 3258 3224 3192 3170 3162 3152 3146 3143 3140 3130
2839 2839 2839 2838 2838 2838 2837 2836 2836 2835 2834 2833 2832 2831 2829 2828 2826 2824 2823 2821 2818 2816 2814 2811 2808 2805 2802 2798 2794 2790 2786 2781 2776 2771 2766 2760 2754 2747 2740 2733 2727 2720 2714 2708 2704 2701 2701 2705 2712 2723 2738 2756 2776 2796 2816 2836 2857 2880 2903 2928 2950 2973 3000 3022 3088 3210 3312 3395 3476 3475 3444 3423 3415 3426 3323 3226 3191 3163 3151 3142 3136 3131 3123 3113
2840 2840 2840 2840 2839 2839 2838 2838 2837 2836 2835 2834 2833 2832 2831 2829 2827 2826 2824 2822 2819 2817 2814 2811 2808 2805 2802 2798 2794 2789 2785 2780 2774 2768 2762 2755 2748 2741 2733 2725 2716 2707 2699 2691 2684 2678 2676 2678 2684 2696 2713 2734 2757 2780 2801 2821 2835 2866 2898 2938 2965 2985 3011 3066 3147 3253 3362 3442 3469 3467 3449 3417 3391 3372 3337 3261 3200 3165 3140 3134 3126 3116 3103 3090
2842 2842 2842 2842 2841 2841 2840 2839 2839 2838 2837 2836 2835 2833 2832 2830 2829 2827 2825 2823 2820 2818 2815 2812 2809 2805 2802 2798 2793 2789 2784 2778 2772 2766 2759 2752 2744 2735 2726 2716 2706 2695 2683 2672 2662 2653 2647 2645 2650 2663 2683 2708 2737 2763 2788 2806 2829 2875 2919 2964 2989 3019 3056 3142 3225 3314 3428 3492 3469 3461 3450 3439 3404 3369 3322 3265 3212 3167 3132 3127 3115 3101 3082 3068
2844 2844 2844 2843 2843 2842 2842 2841 2840 2840 2839 2837 2836 2835 2833 2832 2830 2828 2826 2824 2821 2819 2816 2813 2810 2806 2802 2798 2793 2788 2783 2777 2771 2764 2757 2749 2740 2730 2720 2708 2696 2682 2668 2653 2638 2624 2612 2605 2606 2621 2648 2678 2719 2747 2775 2843 2886 2951 3009 3020 3050 3087 3156 3236 3310 3398 3423 3424 3461 3448 3439 3420 3400 3418 3328 3250 3199 3161 3130 3118 3105 3085 3068 3054
2846 2846 2845 2845 2845 2844 2844 2843 2842 2841 2840 2839 2838 2837 2835 2834 2832 2830 2828 2825 2823 2820 2817 2814 2811 2807 2803 2799 2794 2789 2783 2777 2770 2763 2755 2746 2736 2726 2714 2701 2687 2671 2654 2635 2615 2594 2574 2556 2546 2556 2602 2656 2693 2800 2847 2918 2928 2952 2997 3049 3137 3170 3230 3323 3393 3373 3368 3366 3429 3433 3415 3391 3351 3318 3291 3336 3271 3200 3125 3104 3087 3067 3051 3039
2848 2848 2847 2847 2847 2846 2846 2845 2844 2843 2842 2841 2840 2839 2837 2835 2834 2832 2829 2827 2824 2822 2819 2815 2812 2808 2804 2799 2795 2789 2783 2777 2770 2762 2754 2745 2734 2723 2710 2696 2680 2662 2641 2617 2591 2563 2534 2502 2462 2488 2553 2663 2757 2836 2859 2851 2877 2909 2934 2986 3111 3246 3317 3382 3386 3355 3339 3321 3411 3401 3361 3352 3309 3292 3276 3266 3265 3217 3138 3076 3067 3053 3038 3022
2850 2850 2850 2849 2849 2848 2848 2847 2846 2845 2844 2843 2842 2841 2839 2837 2835 2833 2831 2829 2826 2824 2820 2817 2814 2810 2805 2801 2796 2790 2784 2778 2771 2763 2754 2744 2733 2721 2708 2693 2675 2655 2631 2603 2571 2534 2497 2458 2442 2450 2532 2620 2742 2796 2851 2858 2877 2914 2950 3005 3097 3265 3344 3438 3377 3333 3310 3296 3283 3316 3290 3282 3266 3259 3254 3237 3206 3159 3131 3079 3053 3043 3032 3014
2852 2852 2852 2851 2851 2851 2850 2849 2848 2848 2847 2845 2844 2843 2841 2839 2838 2836 2833 2831 2828 2826 2822 2819 2816 2812 2807 2803 2797 2792 2786 2779 2772 2764 2755 2745 2734 2721 2707 2691 2673 2652 2626 2595 2556 2508 2459 2457 2474 2490 2514 2560 2659 2754 2812 2866 2886 2893 2948 3032 3121 3205 3301 3362 3378 3320 3287 3270 3253 3239 3248 3229 3236 3227 3210 3200 3178 3150 3125 3091 3059 3038 3016 3005
2854 2854 2854 2854 2853 2853 2852 2852 2851 2850 2849 2848 2846 2845 2843 2842 2840 2838 2836 2833 2831 2828 2825 2821 2818 2814 2809 2805 2800 2794 2788 2781 2774 2766 2757 2747 2736 2723 2709 2693 2675 2653 2628 2597 2557 2493 2444 2469 2483 2499 2515 2529 2579 2710 2770 2830 2864 2882 2984 3131 3190 3292 3244 3264 3421 3340 3282 3257 3232 3213 3200 3194 3191 3209 3191 3165 3139 3127 3110 3081 3055 3032 3013 3000
2857 2857 2856 2856 2856 2855 2855 2854 2853 2852 2851 2850 2849 2847 2846 2844 2842 2840 2838 2836 2833 2830 2827 2824 2820 2816 2812 2807 2802 2797 2791 2784 2777 2769 2760 2750 2739 2727 2713 2698 2680 2660 2636 2609 2583 2570 2528 2499 2485 2512 2535 2553 2568 2629 2744 2811 2845 2896 3002 3130 3258 3228 3217 3227 3315 3364 3297 3263 3236 3209 3190 3178 3170 3162 3164 3139 3114 3089 3082 3062 3038 3033 3017 2997
2859 2859 2859 2859 2858 2858 2857 2857 2856 2855 2854 2853 2852 2850 2849 2847 2845 2843 2841 2839 2836 2833 2830 2827 2823 2819 2815 2810 2805 2800 2794 2787 2780 2772 2764 2754 2744 2732 2719 2705 2688 2670 2650 2624 2612 2640 2598 2555 2502 2527 2550 2566 2602 2625 2679 2778 2837 2958 3042 3141 3242 3210 3200 3199 3247 3338 3328 3278 3247 3215 3190 3174 3160 3145 3135 3114 3096 3079 3067 3039 3009 2973 2987 2956
2862 2862 2862 2861 2861 2861 2860 2859 2858 2858 2857 2855 2854 2853 2851 2850 2848 2846 2844 2842 2839 2836 2833 2830 2826 2823 2818 2814 2809 2804 2798 2791 2785 2777 2769 2760 2750 2739 2727 2714 2700 2685 2669 2654 2658 2684 2688 2625 2571 2560 2552 2579 2624 2649 2675 2730 2811 2890 3024 3107 3210 3192 3175 3169 3182 3251 3293 3294 3256 3216 3189 3170 3151 3131 3113 3105 3080 3059 3010 2989 2938 2923 2926 2913
2865 2865 2864 2864 2864 2863 2863 2862 2861 2860 2859 2858 2857 2856 2854 2853 2851 2849 2847 2845 2842 2840 2837 2833 2830 2826 2822 2818 2813 2808 2802 2796 2790 2782 2775 2766 2757 2747 2736 2725 2713 2701 2691 2685 2692 2714 2687 2655 2629 2613 2580 2631 2673 2671 2688 2702 2777 2846 2940 3084 3184 3154 3132 3140 3152 3181 3222 3318 3248 3209 3181 3160 3138 3114 3089 3080 3062 3031 2967 2935 2937 2923 2908 2886
