data/static/orig/dem_rofental_100a.dat
ncols         183
nrows         158
xllcorner     629823,17944444
yllcorner     5180158,5011111
cellsize      100
NODATA_value  -9999
[rows 76 to 113 of 158, columns 0 to 83 of 183]
3005 3005 3004 3004 3004 3004 3004 3004 3004 3004 3004 3004 3005 3005 3006 3006 3007 3009 3010 3012 3015 3018 3021 3025 3029 3034 3040 3046 3053 3061 3069 3078 3087 3098 3108 3119 3130 3141 3150 3157 3162 3167 3169 3173 3177 3172 3189 3211 3218 3219 3213 3209 3208 3227 3242 3253 3262 3266 3276 3288 3303 3352 3273 3235 3210 3183 3158 3141 3127 3109 3096 3086 3069 3048 3028 3003 2960 2949 2923 2894 2815 2784 2773 2767
3008 3008 3008 3008 3007 3007 3007 3007 3007 3007 3007 3007 3007 3007 3007 3008 3009 3010 3011 3013 3016 3018 3022 3026 3030 3035 3041 3048 3055 3063 3072 3081 3091 3102 3113 3124 3136 3147 3157 3163 3169 3174 3175 3180 3186 3184 3214 3227 3230 3226 3215 3210 3225 3253 3262 3263 3268 3278 3288 3296 3318 3365 3296 3252 3225 3204 3181 3158 3146 3135 3117 3097 3081 3057 3040 3004 2952 2914 2878 2858 2810 2804 2790 2786
3011 3011 3011 3011 3011 3010 3010 3010 3010 3009 3009 3009 3009 3009 3009 3009 3010 3011 3012 3014 3016 3019 3022 3026 3030 3035 3042 3048 3056 3064 3073 3083 3094 3105 3117 3129 3142 3154 3164 3169 3176 3180 3182 3186 3192 3216 3239 3245 3242 3233 3223 3224 3260 3281 3285 3282 3286 3292 3298 3304 3333 3426 3363 3287 3249 3220 3198 3174 3162 3154 3148 3141 3131 3076 3039 2998 2932 2902 2886 2867 2851 2804 2791 2759
3015 3014 3014 3014 3014 3013 3013 3013 3012 3012 3011 3011 3010 3010 3010 3010 3011 3011 3012 3014 3016 3018 3021 3025 3029 3035 3041 3048 3056 3065 3074 3084 3096 3107 3120 3133 3146 3159 3165 3173 3181 3186 3184 3181 3203 3241 3251 3255 3248 3237 3236 3260 3286 3300 3302 3297 3298 3304 3309 3314 3341 3338 3303 3279 3277 3281 3223 3192 3183 3188 3196 3236 3134 3104 3049 3013 2967 2923 2910 2882 2890 2825 2776 2734
3018 3018 3018 3017 3017 3017 3016 3015 3015 3014 3013 3013 3012 3012 3011 3011 3011 3011 3012 3013 3015 3017 3020 3023 3028 3033 3039 3047 3055 3064 3074 3085 3097 3109 3122 3134 3147 3157 3166 3175 3183 3189 3183 3180 3212 3249 3260 3265 3243 3241 3259 3288 3302 3311 3312 3308 3307 3313 3319 3324 3323 3312 3263 3229 3217 3207 3202 3201 3239 3233 3203 3161 3161 3105 3078 3030 2979 2942 2925 2918 2895 2851 2802 2741
3021 3021 3021 3021 3020 3020 3019 3018 3017 3016 3016 3015 3014 3013 3012 3011 3011 3011 3011 3012 3013 3015 3017 3021 3025 3030 3037 3044 3053 3062 3073 3084 3096 3109 3123 3136 3147 3158 3166 3173 3186 3197 3190 3189 3233 3274 3277 3272 3253 3266 3289 3308 3317 3321 3319 3313 3314 3324 3340 3382 3294 3257 3229 3203 3191 3189 3182 3146 3169 3134 3167 3133 3111 3066 3062 3067 3042 2997 2977 2914 2854 2822 2752 2723
3025 3025 3025 3024 3024 3023 3022 3021 3020 3019 3018 3016 3015 3014 3013 3012 3011 3010 3010 3010 3011 3012 3014 3017 3021 3026 3033 3040 3049 3059 3070 3082 3095 3109 3123 3137 3149 3158 3165 3169 3193 3213 3209 3260 3286 3290 3288 3277 3291 3307 3314 3321 3329 3331 3329 3323 3331 3362 3395 3333 3255 3231 3214 3192 3178 3164 3164 3138 3116 3058 3069 3059 3050 3030 3004 3005 3000 2975 2952 2915 2849 2783 2736 2688
3029 3028 3028 3028 3027 3026 3025 3024 3023 3021 3020 3018 3016 3015 3013 3012 3010 3009 3008 3008 3008 3008 3010 3012 3016 3021 3027 3035 3044 3055 3066 3079 3092 3108 3124 3139 3153 3161 3163 3168 3212 3236 3229 3336 3301 3303 3300 3304 3319 3329 3332 3336 3338 3338 3336 3342 3384 3409 3325 3277 3239 3220 3206 3187 3170 3152 3126 3103 3050 3022 3029 3021 2987 2949 2934 2931 2933 2907 2898 2864 2804 2768 2732 2688
3032 3032 3032 3031 3030 3029 3028 3027 3025 3024 3022 3020 3018 3016 3014 3011 3009 3007 3006 3004 3004 3004 3004 3006 3009 3014 3020 3028 3038 3049 3061 3073 3088 3104 3122 3142 3157 3163 3163 3180 3236 3255 3255 3346 3312 3313 3316 3327 3334 3338 3342 3345 3346 3343 3345 3395 3409 3327 3288 3247 3208 3207 3188 3167 3143 3129 3114 3078 3021 2979 2986 2976 2935 2912 2886 2866 2829 2806 2803 2776 2747 2709 2670 2634
3036 3036 3036 3035 3034 3033 3032 3030 3028 3026 3024 3022 3019 3017 3014 3011 3008 3005 3003 3001 2999 2998 2997 2998 3001 3005 3011 3019 3029 3041 3054 3067 3080 3094 3115 3143 3162 3167 3167 3194 3251 3272 3298 3344 3323 3321 3330 3338 3342 3346 3348 3351 3352 3354 3360 3421 3369 3298 3242 3198 3164 3135 3135 3126 3090 3086 3055 3010 2978 2951 2953 2924 2880 2855 2823 2804 2785 2758 2742 2707 2678 2634 2595 2560
3041 3040 3040 3039 3038 3037 3035 3033 3031 3029 3026 3024 3021 3017 3014 3011 3007 3003 3000 2996 2993 2991 2989 2989 2990 2993 2999 3008 3019 3032 3046 3059 3070 3077 3094 3139 3166 3176 3178 3208 3260 3284 3303 3319 3332 3341 3352 3356 3356 3353 3352 3354 3358 3367 3381 3342 3374 3308 3226 3175 3152 3123 3064 3053 3040 3009 2978 2955 2930 2917 2895 2873 2847 2809 2792 2782 2757 2723 2680 2639 2599 2567 2534 2494
3045 3045 3044 3043 3042 3041 3039 3037 3035 3032 3029 3026 3022 3018 3014 3010 3006 3001 2996 2992 2987 2983 2980 2978 2977 2979 2984 2994 3007 3022 3038 3052 3062 3068 3090 3143 3175 3186 3185 3228 3269 3290 3307 3320 3338 3355 3368 3371 3368 3364 3355 3353 3356 3388 3276 3301 3277 3244 3204 3132 3114 3036 3009 2987 2973 2951 2937 2909 2885 2870 2841 2811 2785 2760 2748 2726 2697 2660 2617 2576 2530 2490 2454 2428
3050 3049 3049 3048 3046 3045 3043 3041 3038 3035 3032 3028 3024 3020 3015 3010 3004 2999 2993 2987 2980 2974 2969 2964 2961 2961 2965 2975 2991 3011 3030 3047 3055 3066 3099 3148 3183 3195 3192 3241 3282 3299 3315 3329 3342 3362 3378 3381 3393 3386 3359 3353 3290 3242 3170 3182 3187 3161 3114 3056 3021 2973 2953 2944 2932 2914 2891 2882 2869 2834 2792 2775 2755 2730 2703 2663 2626 2583 2538 2499 2458 2429 2404 2392
3054 3054 3053 3052 3051 3049 3047 3045 3042 3039 3035 3031 3026 3021 3016 3010 3003 2996 2989 2981 2973 2965 2957 2949 2943 2938 2939 2948 2970 2999 3022 3036 3044 3059 3091 3157 3188 3200 3204 3217 3296 3314 3317 3335 3345 3361 3420 3452 3462 3426 3298 3227 3181 3142 3121 3109 3084 3063 3036 3009 2990 2972 2954 2930 2906 2884 2872 2853 2831 2800 2765 2752 2695 2680 2630 2588 2556 2508 2471 2445 2411 2393 2385 2384
3060 3059 3058 3057 3056 3054 3052 3049 3046 3043 3038 3034 3029 3023 3017 3010 3003 2995 2986 2976 2966 2955 2944 2933 2921 2911 2903 2906 2935 2990 3017 3036 3044 3061 3101 3149 3191 3208 3218 3225 3306 3326 3334 3337 3345 3361 3400 3406 3366 3332 3228 3201 3166 3137 3107 3089 3071 3039 3016 3001 2987 2966 2951 2925 2899 2879 2846 2830 2790 2775 2723 2692 2664 2617 2573 2531 2487 2460 2443 2434 2400 2394 2394 2399
3065 3065 3064 3063 3061 3059 3057 3054 3051 3047 3042 3038 3032 3026 3019 3011 3003 2994 2983 2972 2960 2946 2932 2916 2900 2882 2861 2825 2860 2976 3004 3037 3052 3079 3130 3163 3197 3215 3223 3234 3289 3332 3335 3348 3356 3367 3425 3367 3309 3276 3233 3204 3162 3128 3105 3070 3043 3007 2991 2981 2964 2958 2957 2933 2892 2864 2843 2812 2764 2700 2683 2634 2594 2547 2515 2484 2456 2437 2413 2400 2399 2410 2450 2475
3071 3070 3070 3068 3067 3065 3062 3059 3056 3052 3047 3042 3036 3029 3022 3013 3004 2993 2982 2969 2954 2938 2921 2901 2880 2856 2830 2806 2812 2882 2993 3043 3061 3104 3146 3188 3208 3224 3235 3240 3293 3337 3357 3370 3373 3370 3400 3307 3266 3248 3217 3194 3197 3171 3112 3060 3040 2990 2970 2958 2945 2931 2940 2927 2872 2853 2818 2769 2723 2676 2634 2585 2535 2505 2479 2457 2436 2412 2405 2415 2441 2493 2522 2541
3077 3076 3076 3074 3073 3071 3068 3065 3061 3057 3052 3047 3040 3033 3025 3016 3006 2994 2982 2967 2951 2932 2912 2888 2862 2834 2807 2786 2781 2834 2954 3061 3058 3104 3155 3198 3215 3231 3245 3253 3300 3344 3375 3388 3385 3368 3335 3283 3236 3216 3171 3145 3141 3116 3106 3088 3027 2992 2964 2943 2924 2887 2889 2875 2834 2794 2752 2716 2673 2632 2596 2550 2503 2460 2440 2422 2412 2422 2443 2482 2529 2567 2587 2605
3083 3083 3082 3081 3079 3077 3074 3071 3067 3063 3058 3052 3046 3038 3030 3020 3009 2997 2983 2967 2949 2929 2906 2879 2848 2813 2779 2750 2769 2811 2850 2951 3016 3084 3181 3214 3228 3241 3251 3255 3302 3349 3385 3400 3393 3369 3314 3259 3217 3168 3133 3113 3107 3078 3042 3010 3005 3002 2955 2918 2897 2873 2840 2827 2780 2739 2703 2661 2623 2586 2548 2511 2472 2434 2419 2435 2441 2485 2530 2571 2603 2621 2637 2648
3090 3090 3089 3088 3086 3084 3081 3078 3074 3070 3065 3059 3052 3044 3035 3025 3014 3001 2986 2970 2951 2929 2904 2875 2840 2796 2750 2761 2776 2808 2845 2883 2934 3056 3183 3240 3249 3254 3261 3274 3308 3357 3399 3427 3383 3368 3280 3232 3199 3153 3124 3105 3084 3051 3011 2983 2975 2949 2935 2916 2873 2839 2810 2760 2745 2695 2646 2601 2561 2527 2497 2466 2444 2433 2457 2464 2514 2561 2602 2636 2650 2666 2687 2706
3097 3097 3096 3095 3093 3091 3088 3085 3081 3077 3072 3066 3059 3051 3042 3032 3020 3007 2992 2975 2955 2933 2908 2878 2843 2802 2758 2770 2786 2835 2864 2875 2903 2978 3120 3251 3265 3273 3275 3288 3312 3359 3400 3309 3299 3268 3298 3228 3178 3130 3101 3069 3040 3031 2995 2961 2932 2910 2889 2869 2832 2802 2774 2732 2690 2638 2591 2553 2519 2482 2462 2473 2466 2470 2489 2548 2595 2631 2663 2685 2707 2720 2742 2762
3105 3104 3104 3102 3101 3099 3096 3093 3089 3085 3080 3074 3067 3059 3050 3040 3028 3015 3000 2982 2963 2941 2916 2888 2857 2824 2792 2786 2814 2866 2892 2892 2918 2952 3031 3178 3291 3306 3300 3300 3312 3369 3295 3237 3187 3176 3174 3236 3192 3117 3068 3037 3008 2970 2934 2913 2872 2852 2851 2829 2794 2759 2699 2684 2640 2584 2560 2521 2506 2491 2499 2502 2498 2528 2572 2618 2657 2690 2714 2742 2763 2768 2788 2801
3112 3112 3111 3110 3109 3107 3104 3102 3098 3094 3089 3083 3076 3069 3060 3050 3038 3025 3010 2993 2973 2952 2928 2903 2877 2853 2838 2841 2875 2907 2909 2906 2932 2967 2996 3044 3177 3300 3318 3318 3268 3264 3209 3159 3124 3096 3093 3131 3157 3148 3073 3034 2996 2972 2956 2912 2861 2831 2808 2772 2737 2712 2675 2636 2580 2553 2528 2521 2513 2521 2528 2529 2558 2599 2636 2668 2700 2741 2765 2785 2805 2820 2833 2844
3120 3120 3120 3119 3117 3115 3113 3111 3107 3103 3099 3093 3087 3079 3071 3061 3050 3037 3022 3005 2986 2965 2943 2919 2896 2878 2871 2886 2919 2936 2929 2924 2971 2997 3030 3060 3113 3279 3255 3243 3180 3173 3172 3140 3087 3051 3029 3038 3067 3079 3080 3069 3042 3014 2965 2911 2851 2817 2776 2727 2686 2640 2609 2585 2567 2546 2534 2526 2535 2539 2552 2578 2620 2655 2683 2717 2755 2783 2802 2824 2851 2874 2877 2894
3129 3129 3128 3127 3126 3124 3122 3120 3117 3114 3109 3104 3098 3091 3083 3074 3063 3051 3036 3020 3002 2982 2959 2936 2913 2893 2881 2912 2950 2953 2949 2947 3054 3040 3062 3079 3107 3182 3166 3152 3163 3096 3073 3069 3053 3021 2997 2974 2971 2985 3003 2990 2979 2982 2961 2898 2876 2820 2767 2698 2632 2589 2579 2573 2559 2556 2544 2547 2565 2571 2601 2639 2670 2693 2733 2770 2805 2817 2839 2863 2885 2907 2932 2963
3137 3137 3137 3136 3135 3134 3132 3130 3128 3124 3121 3116 3111 3104 3097 3088 3078 3067 3053 3038 3020 3000 2978 2954 2930 2903 2883 2946 2962 2955 2961 2968 3077 3111 3096 3136 3177 3158 3135 3109 3084 3067 3055 3041 3027 3004 2985 2967 2937 2915 2896 2925 2918 2904 2894 2842 2807 2754 2709 2650 2618 2598 2589 2580 2572 2564 2554 2569 2583 2624 2666 2699 2721 2743 2784 2811 2850 2863 2879 2899 2918 2955 2997 2980
3146 3146 3146 3145 3144 3143 3142 3141 3139 3136 3133 3129 3124 3119 3112 3104 3095 3085 3073 3058 3042 3022 2999 2975 2949 2935 2962 2986 2992 2985 2988 2995 3098 3162 3150 3202 3215 3163 3119 3100 3084 3068 3054 3040 3027 3009 2990 2969 2941 2917 2892 2862 2832 2812 2809 2790 2750 2698 2648 2626 2621 2611 2598 2587 2579 2569 2581 2597 2644 2690 2722 2747 2771 2791 2822 2851 2883 2910 2921 2949 2958 2982 2978 2955
3155 3155 3154 3154 3154 3153 3153 3152 3150 3148 3146 3143 3139 3134 3128 3121 3114 3105 3094 3082 3067 3048 3024 2997 2975 2990 3002 3017 3029 3020 3012 3012 3120 3190 3263 3252 3251 3210 3127 3099 3087 3072 3057 3045 3028 3007 2984 2965 2939 2911 2884 2857 2822 2800 2764 2725 2688 2655 2644 2637 2627 2617 2602 2594 2592 2594 2616 2653 2714 2747 2762 2784 2804 2829 2857 2871 2908 2942 2946 2969 2994 2965 2955 2932
3163 3163 3163 3164 3164 3164 3163 3163 3162 3161 3160 3157 3154 3150 3146 3140 3134 3126 3118 3108 3096 3081 3057 3018 3007 3023 3040 3050 3050 3044 3035 3049 3157 3284 3306 3290 3241 3176 3136 3108 3095 3083 3069 3060 3039 3014 2988 2962 2931 2903 2860 2822 2787 2761 2733 2700 2664 2659 2653 2645 2636 2625 2606 2604 2619 2643 2660 2721 2762 2788 2810 2825 2843 2862 2891 2918 2952 2988 2994 2997 2988 2972 2951 2899
3172 3172 3172 3173 3173 3174 3174 3175 3175 3175 3174 3173 3171 3168 3164 3160 3155 3149 3142 3136 3130 3124 3108 3068 3041 3049 3055 3067 3063 3056 3057 3094 3165 3311 3338 3314 3251 3207 3168 3140 3125 3114 3095 3083 3064 3043 3015 2987 2934 2881 2860 2807 2761 2737 2707 2679 2676 2668 2662 2653 2644 2625 2612 2640 2668 2699 2713 2725 2778 2822 2834 2856 2882 2909 2933 2961 3001 3034 3032 3019 2997 2994 2925 2884
3180 3181 3181 3182 3183 3184 3185 3187 3188 3188 3189 3189 3188 3186 3184 3181 3176 3172 3168 3164 3164 3173 3208 3128 3066 3073 3079 3080 3071 3072 3087 3140 3216 3309 3355 3300 3260 3233 3191 3164 3157 3152 3142 3139 3102 3078 3051 3021 2972 2915 2860 2806 2755 2702 2696 2692 2686 2679 2671 2660 2641 2637 2656 2695 2710 2732 2757 2766 2779 2847 2873 2902 2943 2970 2998 3021 3054 3028 3016 3006 3021 2978 2924 2898
3188 3189 3190 3191 3192 3194 3196 3199 3201 3203 3205 3206 3206 3206 3205 3202 3199 3195 3192 3190 3191 3196 3182 3133 3093 3085 3096 3100 3100 3104 3116 3179 3300 3375 3393 3322 3289 3257 3218 3193 3194 3193 3195 3194 3169 3172 3137 3061 2984 2934 2855 2809 2745 2707 2706 2701 2696 2689 2679 2657 2655 2685 2720 2731 2741 2771 2799 2843 2851 2875 2903 2960 2990 3042 3072 3095 3072 3023 3003 2999 2990 2960 2929 2900
3196 3196 3198 3199 3202 3204 3207 3211 3214 3217 3221 3223 3226 3227 3226 3225 3223 3219 3215 3211 3213 3220 3217 3155 3107 3098 3106 3120 3131 3134 3145 3238 3325 3446 3434 3375 3318 3285 3254 3236 3233 3261 3250 3165 3128 3140 3083 3033 2987 2919 2843 2788 2730 2717 2714 2709 2705 2699 2680 2674 2711 2736 2753 2775 2801 2825 2853 2900 2909 2939 2940 2993 3018 3085 3103 3098 3062 3015 2998 2982 2964 2938 2914 2894
3203 3204 3205 3207 3210 3214 3218 3222 3227 3232 3237 3242 3246 3249 3250 3250 3248 3244 3238 3228 3223 3238 3275 3229 3136 3140 3145 3152 3151 3149 3196 3288 3338 3475 3467 3429 3392 3315 3279 3265 3301 3239 3175 3105 3083 3073 3051 3008 2950 2885 2825 2762 2726 2725 2720 2716 2714 2707 2695 2711 2749 2789 2803 2813 2850 2886 2913 2957 2964 2967 2991 3035 3056 3104 3057 3056 3053 3021 2991 2968 2943 2925 2892 2864
3209 3210 3212 3214 3218 3222 3228 3234 3240 3247 3255 3262 3268 3272 3275 3276 3275 3271 3265 3258 3245 3257 3327 3258 3176 3170 3177 3173 3160 3173 3224 3303 3392 3516 3478 3455 3395 3348 3315 3281 3215 3180 3111 3064 3035 3003 2992 2964 2930 2876 2814 2740 2733 2731 2729 2727 2719 2711 2732 2775 2781 2811 2830 2846 2902 2959 2994 3044 3025 3011 3031 3076 3117 3106 3058 3044 3032 3014 2982 2969 2948 2926 2879 2832
3214 3215 3217 3221 3225 3230 3237 3244 3253 3262 3272 3282 3291 3298 3303 3306 3306 3303 3297 3286 3275 3307 3329 3252 3201 3185 3191 3188 3186 3223 3295 3367 3427 3459 3434 3413 3344 3296 3255 3211 3183 3143 3094 3039 2987 2964 2945 2922 2888 2844 2783 2740 2742 2740 2738 2734 2724 2724 2755 2804 2829 2847 2867 2899 2940 2997 3076 3098 3066 3064 3083 3127 3158 3097 3058 3053 3028 2994 2983 2962 2944 2912 2867 2829
3218 3220 3222 3226 3231 3237 3245 3254 3265 3277 3289 3303 3316 3327 3335 3339 3340 3340 3326 3323 3346 3419 3376 3329 3241 3202 3202 3206 3217 3284 3349 3386 3406 3402 3393 3376 3330 3278 3230 3197 3170 3126 3081 3036 2987 2937 2920 2893 2864 2816 2753 2752 2752 2751 2747 2740 2727 2746 2798 2841 2871 2891 2915 2950 2981 3008 3042 3097 3086 3111 3135 3178 3128 3108 3077 3049 2999 2969 2950 2931 2915 2888 2854 2810
3221 3222 3225 3229 3235 3242 3251 3262 3275 3290 3306 3324 3342 3359 3370 3376 3382 3359 3350 3379 3464 3450 3379 3318 3277 3246 3241 3234 3279 3347 3394 3353 3344 3348 3345 3336 3326 3281 3240 3196 3154 3119 3084 3039 3002 2958 2919 2875 2843 2780 2758 2762 2762 2760 2756 2745 2739 2790 2825 2867 2898 2931 2955 2985 3012 3036 3063 3082 3121 3182 3206 3171 3139 3115 3086 3043 3018 2961 2935 2913 2911 2883 2848 2807
