data/static/orig/dem_rofental_100a.dat
ncols         183
nrows         158
xllcorner     629823,17944444
yllcorner     5180158,5011111
cellsize      100
NODATA_value  -9999
[rows 114 to 151 of 158, columns 84 to 167 of 183]
2751 2697 2655 2628 2615 2633 2647 2651 2684 2714 2739 2770 2825 2870 2881 2893 2911 2933 2933 2956 2978 3020 3022 3058 3090 3142 3174 3195 3219 3239 3252 3270 3213 3175 3137 3100 3069 3046 3014 2960 2941 2905 2855 2803 2768 2713 2691 2674 2644 2617 2591 2590 2607 2630 2652 2672 2688 2700 2708 2714 2717 2719 2720 2719 2718 2716 2713 2710 2707 2704 2701 2697 2694 2690 2687 2684 2681 2678 2674 2672 2669 2666 2664 2661
2736 2690 2649 2627 2622 2643 2668 2671 2689 2714 2741 2769 2824 2867 2891 2905 2946 2951 2957 2966 2991 3011 3027 3039 3055 3079 3118 3157 3233 3310 3335 3302 3203 3152 3123 3098 3053 3007 2961 2922 2892 2860 2830 2783 2728 2694 2666 2650 2619 2583 2561 2583 2615 2642 2664 2682 2695 2705 2712 2717 2720 2721 2722 2721 2720 2718 2716 2713 2710 2707 2704 2701 2697 2694 2691 2688 2685 2682 2679 2676 2673 2671 2668 2666
2727 2680 2647 2631 2633 2651 2679 2693 2709 2728 2761 2793 2842 2871 2900 2941 2974 2976 2979 2985 2995 3009 3038 3057 3072 3087 3114 3141 3184 3228 3267 3278 3201 3160 3152 3095 3040 2979 2939 2902 2870 2850 2804 2746 2696 2669 2649 2618 2587 2566 2560 2572 2626 2659 2681 2695 2705 2713 2718 2721 2723 2724 2724 2724 2722 2720 2718 2716 2713 2710 2707 2704 2701 2698 2695 2691 2688 2686 2683 2680 2677 2675 2673 2670
2710 2670 2655 2643 2648 2657 2686 2715 2723 2742 2773 2814 2858 2882 2915 2956 2983 2986 2995 3003 3006 3014 3039 3064 3084 3100 3120 3160 3180 3223 3257 3240 3204 3180 3126 3072 3032 2967 2923 2885 2856 2816 2766 2715 2681 2646 2612 2588 2575 2570 2593 2622 2643 2685 2704 2713 2719 2722 2725 2727 2728 2728 2728 2727 2725 2723 2721 2719 2716 2713 2710 2707 2704 2701 2698 2695 2692 2690 2687 2684 2682 2679 2677 2675
2695 2669 2659 2650 2653 2664 2692 2728 2769 2765 2806 2836 2887 2900 2896 2951 2990 3000 3010 3017 3019 3021 3037 3065 3094 3116 3134 3154 3187 3230 3278 3194 3132 3097 3096 3068 3029 2988 2933 2885 2842 2785 2733 2685 2649 2616 2595 2583 2583 2599 2621 2670 2704 2734 2736 2734 2733 2734 2734 2734 2734 2733 2732 2730 2729 2727 2724 2722 2719 2716 2713 2710 2708 2705 2702 2699 2696 2693 2691 2688 2686 2683 2681 2679
2684 2668 2659 2654 2663 2683 2703 2742 2781 2813 2824 2870 2892 2896 2911 2965 2995 3009 3020 3024 3029 3034 3043 3076 3106 3131 3148 3169 3196 3257 3228 3154 3091 3067 3049 3025 3008 2960 2916 2862 2807 2752 2707 2666 2631 2607 2593 2594 2618 2644 2693 2755 2780 2818 2769 2755 2748 2745 2743 2741 2740 2738 2736 2734 2732 2730 2728 2725 2722 2719 2717 2714 2711 2708 2705 2702 2700 2697 2695 2692 2690 2687 2685 2683
2682 2666 2663 2662 2680 2699 2728 2754 2803 2837 2854 2894 2902 2899 2933 2984 2989 3016 3035 3040 3045 3050 3056 3098 3147 3153 3169 3193 3232 3161 3151 3132 3078 3035 3015 2984 2957 2912 2878 2836 2781 2723 2676 2645 2620 2609 2602 2621 2665 2718 2753 2823 2851 2816 2788 2771 2761 2755 2751 2748 2746 2743 2741 2739 2736 2734 2731 2728 2726 2723 2720 2717 2714 2712 2709 2706 2703 2701 2698 2696 2694 2691 2689 2687
2677 2668 2668 2685 2690 2715 2748 2800 2842 2854 2877 2898 2898 2907 2966 3006 3001 3041 3058 3061 3064 3064 3067 3098 3226 3235 3248 3233 3179 3134 3110 3084 3052 3031 3001 2955 2914 2881 2857 2829 2764 2713 2668 2640 2625 2614 2626 2664 2723 2784 2833 2854 2839 2817 2797 2782 2772 2764 2759 2755 2751 2748 2746 2743 2740 2737 2735 2732 2729 2726 2723 2721 2718 2715 2712 2710 2707 2704 2702 2700 2697 2695 2693 2691
2674 2684 2684 2692 2708 2734 2800 2827 2863 2872 2884 2888 2953 2972 3010 3022 3031 3060 3076 3079 3076 3075 3077 3117 3227 3330 3260 3216 3175 3138 3118 3091 3055 3021 2988 2944 2891 2877 2838 2792 2758 2704 2668 2642 2627 2629 2666 2717 2782 2848 2872 2851 2834 2817 2802 2789 2779 2772 2766 2761 2757 2753 2750 2747 2744 2741 2738 2735 2732 2730 2727 2724 2721 2718 2716 2713 2711 2708 2706 2703 2701 2699 2697 2695
2690 2703 2697 2708 2727 2769 2799 2830 2853 2869 2874 2908 2969 3003 3030 3039 3048 3071 3088 3091 3088 3093 3095 3139 3221 3310 3277 3231 3189 3158 3131 3101 3073 3025 2961 2946 2928 2896 2848 2796 2748 2711 2675 2644 2638 2650 2712 2782 2843 2871 2861 2845 2831 2818 2805 2794 2785 2778 2772 2766 2762 2758 2754 2751 2748 2745 2742 2739 2736 2733 2730 2727 2724 2722 2719 2716 2714 2711 2709 2707 2705 2702 2700 2699
2712 2719 2707 2731 2753 2786 2808 2839 2865 2895 2905 2951 3013 3035 3049 3048 3070 3098 3106 3102 3100 3107 3116 3137 3261 3334 3320 3272 3226 3199 3169 3132 3074 3023 2983 2948 2927 2887 2826 2785 2758 2729 2699 2669 2656 2698 2757 2835 2866 2857 2849 2839 2828 2817 2807 2798 2790 2783 2777 2771 2767 2762 2759 2755 2752 2748 2745 2742 2739 2736 2733 2731 2728 2725 2722 2720 2717 2715 2713 2710 2708 2706 2704 2702
2727 2732 2722 2749 2788 2816 2827 2843 2881 2929 2956 3003 3043 3059 3062 3079 3107 3119 3122 3114 3107 3115 3128 3145 3184 3244 3335 3305 3264 3229 3196 3123 3047 2984 2949 2924 2895 2860 2828 2801 2778 2753 2731 2714 2712 2737 2791 2835 2844 2843 2839 2833 2825 2817 2808 2800 2793 2787 2781 2776 2771 2767 2763 2759 2755 2752 2749 2746 2743 2740 2737 2734 2731 2728 2726 2723 2721 2718 2716 2714 2712 2709 2708 2706
2741 2744 2745 2774 2816 2848 2862 2865 2908 2969 3011 3054 3080 3083 3104 3111 3123 3131 3132 3125 3125 3128 3139 3158 3189 3234 3370 3340 3306 3305 3236 3125 3053 2985 2969 2953 2915 2875 2847 2822 2799 2779 2762 2753 2755 2772 2800 2822 2831 2834 2832 2828 2822 2816 2809 2802 2796 2790 2784 2779 2775 2770 2766 2762 2759 2755 2752 2749 2746 2743 2740 2737 2734 2732 2729 2726 2724 2722 2719 2717 2715 2713 2711 2709
2755 2763 2771 2798 2839 2863 2888 2902 2950 3006 3055 3083 3097 3110 3165 3135 3140 3142 3142 3141 3145 3148 3155 3166 3204 3287 3339 3377 3343 3289 3200 3118 3061 3026 3002 2976 2932 2895 2867 2842 2821 2803 2790 2783 2784 2793 2806 2818 2826 2828 2828 2825 2821 2816 2810 2804 2798 2793 2788 2783 2778 2774 2770 2766 2762 2759 2755 2752 2749 2746 2743 2740 2737 2735 2732 2730 2727 2725 2722 2720 2718 2716 2714 2712
2770 2780 2802 2833 2859 2877 2901 2951 3012 3061 3091 3110 3116 3130 3150 3155 3159 3160 3156 3157 3156 3161 3169 3183 3235 3331 3368 3355 3288 3244 3218 3127 3085 3059 3025 2982 2944 2912 2884 2861 2841 2825 2813 2806 2805 2808 2814 2820 2825 2826 2826 2824 2820 2816 2811 2806 2801 2795 2791 2786 2781 2777 2773 2769 2766 2762 2759 2755 2752 2749 2746 2743 2740 2738 2735 2733 2730 2728 2726 2723 2721 2719 2717 2716
2785 2803 2840 2852 2875 2892 2918 2984 3087 3134 3118 3132 3143 3154 3161 3191 3188 3189 3180 3173 3172 3172 3183 3204 3250 3342 3294 3258 3250 3224 3202 3184 3147 3074 3026 2987 2954 2924 2899 2877 2858 2843 2832 2824 2821 2821 2822 2825 2826 2827 2826 2824 2820 2817 2812 2807 2803 2798 2793 2789 2784 2780 2776 2772 2769 2765 2762 2758 2755 2752 2749 2746 2743 2741 2738 2736 2733 2731 2729 2726 2724 2722 2721 2719
2809 2836 2871 2885 2893 2907 2917 3027 3110 3158 3141 3152 3168 3179 3188 3204 3208 3205 3184 3195 3194 3196 3206 3225 3294 3228 3213 3190 3165 3145 3130 3120 3103 3063 3025 2991 2960 2934 2910 2890 2873 2859 2847 2839 2834 2832 2831 2830 2830 2829 2827 2825 2822 2818 2814 2809 2805 2800 2796 2791 2787 2783 2779 2775 2772 2768 2765 2761 2758 2755 2752 2749 2746 2744 2741 2739 2736 2734 2732 2729 2727 2725 2724 2722
2831 2865 2890 2904 2915 2926 2947 3056 3091 3178 3172 3178 3190 3199 3207 3240 3231 3225 3215 3211 3214 3218 3227 3243 3217 3170 3141 3126 3108 3089 3077 3086 3073 3048 3019 2991 2965 2941 2920 2901 2885 2871 2860 2852 2845 2841 2838 2836 2834 2832 2830 2827 2823 2820 2816 2811 2807 2803 2798 2794 2790 2786 2782 2778 2775 2771 2768 2764 2761 2758 2755 2752 2749 2747 2744 2741 2739 2737 2734 2732 2730 2728 2726 2725
2862 2879 2898 2915 2933 2954 2973 3093 3131 3187 3209 3203 3211 3222 3230 3283 3269 3268 3259 3249 3242 3238 3245 3276 3256 3183 3118 3096 3076 3056 3064 3064 3054 3035 3013 2990 2967 2946 2927 2910 2894 2881 2871 2862 2855 2849 2845 2842 2838 2835 2832 2829 2826 2822 2818 2814 2809 2805 2801 2797 2793 2789 2785 2781 2777 2774 2770 2767 2764 2761 2758 2755 2752 2749 2747 2744 2742 2739 2737 2735 2733 2731 2729 2728
2890 2887 2905 2918 2944 2973 2996 3036 3152 3211 3233 3235 3235 3237 3252 3343 3311 3308 3311 3307 3278 3262 3263 3250 3176 3151 3118 3089 3070 3057 3056 3051 3041 3025 3007 2988 2968 2949 2932 2916 2902 2890 2879 2870 2863 2856 2851 2847 2843 2839 2836 2832 2828 2824 2820 2816 2812 2808 2803 2799 2795 2791 2787 2784 2780 2776 2773 2770 2766 2763 2760 2757 2755 2752 2749 2747 2744 2742 2740 2738 2736 2734 2732 2730
2886 2896 2916 2928 2958 3008 3026 3053 3067 3163 3252 3264 3256 3263 3281 3380 3378 3418 3373 3317 3300 3293 3271 3203 3149 3116 3094 3078 3068 3059 3051 3043 3032 3018 3002 2985 2968 2952 2936 2922 2908 2897 2886 2877 2869 2863 2857 2852 2847 2843 2839 2835 2831 2827 2823 2818 2814 2810 2806 2802 2798 2794 2790 2786 2783 2779 2776 2772 2769 2766 2763 2760 2757 2754 2752 2749 2747 2745 2742 2740 2738 2736 2735 2733
2894 2915 2929 2948 2979 3033 3064 3075 3089 3149 3241 3292 3288 3293 3323 3424 3494 3449 3384 3313 3304 3266 3245 3201 3152 3114 3097 3082 3068 3057 3047 3037 3025 3013 2998 2983 2968 2953 2939 2926 2914 2902 2892 2883 2875 2868 2862 2857 2852 2847 2842 2838 2834 2829 2825 2821 2817 2812 2808 2804 2800 2796 2792 2789 2785 2781 2778 2775 2771 2768 2765 2762 2760 2757 2754 2752 2749 2747 2745 2743 2741 2739 2737 2735
2905 2945 2983 3017 3061 3079 3090 3087 3116 3150 3236 3295 3315 3323 3395 3464 3437 3369 3297 3256 3235 3240 3219 3202 3170 3141 3104 3083 3067 3055 3043 3032 3021 3008 2995 2982 2968 2954 2941 2929 2918 2907 2897 2888 2880 2873 2867 2861 2856 2850 2846 2841 2836 2832 2828 2823 2819 2815 2811 2807 2803 2799 2795 2791 2787 2784 2780 2777 2774 2771 2768 2765 2762 2759 2757 2754 2752 2749 2747 2745 2743 2741 2739 2738
2937 3023 3092 3131 3153 3122 3118 3115 3142 3175 3237 3281 3327 3349 3405 3445 3392 3312 3237 3183 3164 3170 3211 3187 3164 3128 3100 3079 3064 3051 3039 3028 3016 3005 2992 2980 2968 2955 2943 2932 2921 2911 2901 2893 2885 2878 2871 2865 2859 2854 2849 2844 2839 2835 2830 2826 2821 2817 2813 2809 2805 2801 2797 2793 2790 2786 2783 2779 2776 2773 2770 2767 2764 2762 2759 2756 2754 2752 2750 2747 2745 2744 2742 2740
2957 3051 3191 3206 3150 3142 3145 3173 3196 3226 3257 3282 3319 3357 3385 3469 3348 3244 3167 3108 3088 3095 3129 3140 3125 3106 3088 3072 3058 3046 3034 3024 3013 3001 2990 2979 2967 2956 2944 2934 2923 2914 2905 2896 2889 2881 2875 2868 2863 2857 2852 2847 2842 2837 2833 2828 2824 2819 2815 2811 2807 2803 2799 2796 2792 2788 2785 2782 2778 2775 2772 2769 2766 2764 2761 2759 2756 2754 2752 2750 2748 2746 2744 2742
2968 3022 3157 3260 3184 3180 3190 3258 3257 3267 3279 3290 3324 3362 3398 3394 3320 3240 3168 3077 3040 3018 3029 3077 3088 3083 3073 3062 3051 3040 3030 3019 3009 2998 2988 2977 2966 2956 2945 2935 2926 2916 2908 2900 2892 2885 2878 2872 2866 2860 2855 2849 2845 2840 2835 2830 2826 2822 2817 2813 2809 2805 2801 2798 2794 2790 2787 2784 2780 2777 2774 2771 2769 2766 2763 2761 2758 2756 2754 2752 2750 2748 2746 2744
3002 3054 3162 3333 3223 3224 3263 3343 3303 3304 3305 3310 3338 3380 3427 3329 3258 3186 3130 3046 3012 2989 3017 3048 3061 3063 3059 3051 3043 3034 3024 3015 3005 2996 2986 2976 2966 2956 2946 2936 2927 2919 2910 2902 2895 2888 2881 2874 2868 2863 2857 2852 2847 2842 2837 2833 2828 2824 2820 2815 2811 2807 2803 2800 2796 2792 2789 2786 2782 2779 2776 2773 2771 2768 2765 2763 2760 2758 2756 2754 2752 2750 2748 2746
3070 3159 3190 3314 3294 3279 3355 3344 3334 3355 3333 3333 3361 3402 3381 3322 3255 3157 3080 3038 2981 2990 3014 3033 3044 3048 3046 3041 3035 3027 3019 3011 3002 2993 2984 2974 2965 2956 2946 2937 2929 2920 2912 2904 2897 2890 2883 2877 2871 2865 2860 2854 2849 2844 2839 2835 2830 2826 2822 2817 2813 2809 2805 2802 2798 2794 2791 2788 2784 2781 2778 2775 2772 2770 2767 2765 2762 2760 2758 2756 2754 2752 2750 2748
3093 3146 3189 3226 3256 3320 3346 3359 3367 3414 3367 3364 3393 3365 3339 3238 3200 3117 3048 2990 2984 2998 3013 3026 3034 3037 3036 3033 3028 3022 3014 3007 2999 2990 2982 2973 2964 2955 2947 2938 2930 2922 2914 2906 2899 2892 2886 2879 2873 2867 2862 2857 2851 2846 2842 2837 2832 2828 2823 2819 2815 2811 2807 2803 2800 2796 2793 2789 2786 2783 2780 2777 2774 2772 2769 2766 2764 2762 2760 2757 2755 2754 2752 2750
3104 3129 3178 3270 3280 3260 3293 3330 3348 3390 3374 3352 3348 3311 3265 3175 3117 3062 2999 2987 2997 3005 3014 3022 3027 3029 3029 3026 3022 3016 3010 3003 2995 2988 2980 2971 2963 2955 2947 2938 2930 2923 2915 2908 2901 2894 2888 2881 2875 2870 2864 2859 2853 2848 2843 2839 2834 2830 2825 2821 2817 2813 2809 2805 2802 2798 2794 2791 2788 2785 2782 2779 2776 2773 2771 2768 2766 2763 2761 2759 2757 2755 2753 2752
3119 3185 3199 3217 3304 3251 3221 3256 3272 3314 3322 3318 3284 3276 3174 3100 3025 3019 3007 3003 3006 3011 3016 3020 3023 3024 3023 3021 3017 3012 3006 2999 2992 2985 2978 2970 2962 2954 2946 2939 2931 2924 2916 2909 2902 2896 2889 2883 2877 2871 2866 2860 2855 2850 2845 2840 2836 2831 2827 2823 2819 2815 2811 2807 2803 2800 2796 2793 2789 2786 2783 2780 2778 2775 2772 2770 2767 2765 2763 2761 2759 2757 2755 2753
3111 3194 3179 3237 3231 3165 3171 3180 3204 3259 3292 3285 3268 3214 3133 3063 2997 3005 3012 3012 3013 3015 3017 3019 3020 3020 3019 3016 3012 3008 3002 2996 2990 2983 2976 2969 2961 2954 2946 2939 2932 2924 2917 2910 2904 2897 2891 2885 2879 2873 2867 2862 2857 2852 2847 2842 2837 2833 2829 2824 2820 2816 2812 2808 2805 2801 2798 2794 2791 2788 2785 2782 2779 2776 2774 2771 2769 2766 2764 2762 2760 2758 2757 2755
3139 3115 3166 3159 3143 3124 3110 3099 3116 3177 3235 3251 3238 3258 3149 3058 3030 3023 3021 3020 3019 3018 3019 3019 3018 3017 3015 3013 3009 3004 2999 2994 2987 2981 2974 2967 2960 2953 2946 2939 2932 2925 2918 2911 2905 2898 2892 2886 2880 2875 2869 2864 2858 2853 2848 2844 2839 2834 2830 2826 2822 2818 2814 2810 2806 2802 2799 2796 2792 2789 2786 2783 2780 2778 2775 2773 2770 2768 2766 2764 2762 2760 2758 2756
3060 3051 3063 3071 3086 3114 3079 3058 3060 3133 3183 3216 3235 3220 3147 3087 3054 3038 3030 3026 3023 3021 3020 3018 3017 3015 3013 3010 3006 3002 2997 2991 2985 2979 2973 2966 2959 2953 2946 2939 2932 2925 2919 2912 2906 2899 2893 2887 2882 2876 2870 2865 2860 2855 2850 2845 2840 2836 2831 2827 2823 2819 2815 2811 2807 2804 2800 2797 2794 2790 2787 2784 2782 2779 2776 2774 2771 2769 2767 2765 2763 2761 2759 2757
3045 3021 3001 2980 2995 3055 3073 3041 3043 3066 3136 3192 3205 3172 3129 3091 3064 3046 3036 3030 3026 3022 3020 3018 3016 3013 3011 3007 3003 2999 2994 2989 2983 2977 2971 2965 2959 2952 2945 2939 2932 2926 2919 2913 2906 2900 2894 2888 2883 2877 2872 2866 2861 2856 2851 2846 2842 2837 2833 2828 2824 2820 2816 2812 2809 2805 2801 2798 2795 2792 2789 2786 2783 2780 2777 2775 2773 2770 2768 2766 2764 2762 2760 2759
2984 2959 2937 2917 2936 2990 3022 2997 3017 3006 3098 3165 3152 3132 3107 3083 3063 3049 3039 3032 3027 3023 3020 3017 3015 3012 3009 3005 3001 2997 2992 2987 2982 2976 2970 2964 2958 2951 2945 2939 2932 2926 2920 2913 2907 2901 2895 2889 2884 2878 2873 2867 2862 2857 2852 2847 2843 2838 2834 2829 2825 2821 2817 2813 2810 2806 2803 2799 2796 2793 2790 2787 2784 2781 2779 2776 2774 2771 2769 2767 2765 2763 2761 2760
2906 2875 2863 2863 2852 2918 2942 2941 2961 2975 3038 3090 3098 3093 3082 3069 3057 3046 3038 3032 3027 3023 3020 3017 3014 3011 3007 3004 3000 2995 2991 2986 2980 2975 2969 2963 2957 2951 2945 2939 2932 2926 2920 2914 2908 2902 2896 2890 2884 2879 2873 2868 2863 2858 2853 2848 2844 2839 2835 2830 2826 2822 2818 2814 2811 2807 2803 2800 2797 2794 2791 2788 2785 2782 2779 2777 2775 2772 2770 2768 2766 2764 2762 2761
2872 2827 2811 2824 2811 2811 2858 2896 2908 2924 2942 3021 3050 3059 3059 3054 3047 3041 3035 3030 3026 3022 3019 3016 3013 3009 3006 3002 2998 2994 2989 2984 2979 2974 2968 2962 2956 2951 2944 2938 2932 2926 2920 2914 2908 2902 2896 2891 2885 2880 2874 2869 2864 2859 2854 2849 2845 2840 2836 2831 2827 2823 2819 2815 2811 2808 2804 2801 2798 2794 2791 2788 2786 2783 2780 2778 2775 2773 2771 2769 2767 2765 2763 2761
