data/static/orig/slo_rofental_100.dat
ncols         183
nrows         158
xllcorner     629823,17944444
yllcorner     5180158,5011111
cellsize      100
NODATA_value  -9999
[rows 28 to 55 of 158, columns 0 to 62 of 183]
0.8593723 1.076554 0.9554377 0.9554377 1.042684 1.042684 1.13226 1.185348 0.9974465 0.9607894 1.118594 1.118594 1.13226 1.320369 1.320369 1.320369 1.421319 1.432096 1.449879 1.601049 1.601049 1.635874 1.811248 1.811248 2.084677 2.274914 2.247751 2.592406 2.799192 2.862405 3.226626 3.523142 3.762623 4.094768 4.525851 5.150652 5.792425 6.317373 7.14192 8.032692 9.132182 10.44747 11.78315 13.50208 15.61969 18.09208 20.91714 24.04422 26.9694 28.5291 27.27441 24.65304 23.77283 22.37064 28.95376 32.7239 32.08399 33.17739 29.57396 31.59236 37.58415 42.24223 48.04435
0.8593723 1.095438 1.042684 1.076554 1.181015 1.181015 1.181015 1.280959 1.185348 1.057333 1.13226 1.252634 1.280959 1.432096 1.421319 1.320369 1.518928 1.623297 1.648355 1.669972 1.669972 1.794198 1.95539 1.902284 2.084677 2.361028 2.414608 2.612064 2.894374 3.161052 3.363021 3.648369 4.014341 4.326968 4.793184 5.490867 6.008412 6.628972 7.576221 8.461593 9.648046 11.08758 12.87114 15.05134 17.51052 20.37009 23.98906 29.27534 33.22499 35.05413 34.43621 30.1784 34.54826 34.71308 28.62442 20.86289 16.68007 24.20689 27.03634 32.2471 37.78903 42.55883 47.1242
0.8593723 1.236156 1.320369 1.219456 1.181015 1.181015 1.181015 1.280959 1.280959 1.280959 1.280959 1.280959 1.280959 1.432096 1.518928 1.316481 1.320369 1.548994 1.648355 1.747918 1.747918 1.866953 2.1452 2.050002 2.180705 2.489728 2.58648 2.639336 2.976219 3.381191 3.445503 3.72995 4.223357 4.573921 5.008761 5.738885 6.274886 6.904993 7.820765 8.861341 10.21938 11.91882 14.12356 16.58404 19.46267 22.56585 26.05882 28.81442 27.33726 32.34083 40.41106 41.79168 39.88385 30.38966 15.19888 15.36687 19.74285 21.1524 25.67765 39.71214 48.41278 44.89217 42.81694
0.8593723 1.219456 1.320369 1.236156 1.236156 1.320369 1.268897 1.280959 1.316481 1.449879 1.505372 1.377367 1.280959 1.432096 1.620137 1.522298 1.522298 1.724311 1.724311 1.833734 1.833734 1.965839 2.240909 2.087132 2.308417 2.725141 2.764266 2.806489 3.175563 3.452903 3.591995 3.844405 4.326968 4.813285 5.292492 5.923672 6.561733 7.212603 8.092171 9.336576 10.74386 12.61201 15.05134 17.85841 21.51417 25.0347 24.44106 15.80752 1.377367 21.29642 37.40572 46.46615 45.48673 35.23101 20.44281 10.21938 13.88327 18.33731 26.69119 39.28161 49.99778 47.86816 38.90926
0.8593723 1.145763 1.236156 1.320369 1.296867 1.320369 1.358634 1.449879 1.495124 1.495124 1.601049 1.571981 1.377367 1.432096 1.623297 1.648355 1.747918 1.926363 1.923703 1.926363 1.926363 2.147585 2.382605 2.164209 2.308417 2.819212 2.819212 2.950346 3.349329 3.483809 3.801725 4.04091 4.373769 4.933166 5.493635 6.054499 6.816982 7.568943 8.395378 9.578681 11.03509 13.02977 15.53866 18.81316 23.93001 27.08401 16.92998 1.232002 11.79507 16.43494 23.53256 39.95371 48.33189 42.57701 31.53587 21.00193 12.91277 21.79543 38.61087 44.82531 46.34864 39.63618 35.72578
1.076554 1.362401 1.296867 1.377367 1.377367 1.320369 1.406821 1.495124 1.449879 1.316481 1.377367 1.571981 1.571981 1.548994 1.648355 1.648355 1.623297 1.721337 1.923703 2.024868 2.027396 2.147585 2.363195 2.363195 2.406116 2.78454 2.88021 3.008668 3.363021 3.587731 3.983757 4.250998 4.520227 5.063198 5.610417 6.16038 6.934072 7.789995 8.642641 9.764496 11.28623 13.21913 15.64047 18.83292 24.13283 28.66544 20.28829 12.0964 9.682782 12.11556 12.69741 21.63575 41.41653 45.71588 37.79775 27.92056 17.62693 29.86622 48.23094 49.16821 41.68956 18.39851 20.38767
1.076554 1.439236 1.439236 1.439236 1.460445 1.460445 1.460445 1.495124 1.542363 1.542363 1.542363 1.635874 1.794198 1.794198 1.794198 1.847648 1.833734 1.833734 1.934323 2.128428 2.229458 2.236335 2.337062 2.548624 2.679723 2.799192 3.018843 3.169122 3.295536 3.614651 4.094768 4.35511 4.618181 5.10811 5.690169 6.271667 6.942046 7.83291 8.67711 9.868985 11.35845 13.10589 15.52071 17.46916 22.35221 34.80112 36.70411 25.02447 10.93464 14.77195 14.20792 15.69728 26.10515 39.6974 41.68552 32.28117 26.74341 39.72183 49.06452 49.2107 28.10223 12.06441 16.60391
1.076554 1.505372 1.58173 1.518928 1.518928 1.601049 1.545682 1.495124 1.584966 1.721337 1.768315 1.635874 1.697359 1.794198 1.794198 1.965839 2.064934 2.064934 2.064934 2.236335 2.429397 2.429397 2.429397 2.639336 2.849875 2.950346 3.177171 3.393249 3.492588 3.72995 4.222151 4.444177 4.762338 5.206498 5.745936 6.37937 7.011242 7.861595 8.64667 9.836461 11.25166 12.87002 15.43242 16.86306 21.17231 30.22206 38.45376 37.31839 24.37432 16.4408 12.35528 16.93079 21.03604 25.52188 36.9978 37.47089 37.97826 44.28833 45.60717 46.56944 24.01675 15.8872 12.94241
1.288938 1.648355 1.518928 1.518928 1.58173 1.601049 1.632739 1.584966 1.495124 1.495124 1.601049 1.601049 1.635874 1.794198 1.794198 1.891483 2.064934 2.064934 2.064934 2.236335 2.431503 2.538567 2.633516 2.734508 2.835487 3.04245 3.251855 3.452903 3.663718 3.890544 4.342234 4.520227 4.934196 5.367644 5.781057 6.410923 7.017693 7.817565 8.577907 9.620364 10.93509 12.46394 14.95348 17.35794 21.37596 21.77921 28.74493 35.41561 31.13837 22.49588 16.13252 24.81911 23.51129 17.95675 23.40103 34.86146 41.74344 47.81865 49.38314 47.09574 25.67629 19.86434 18.05912
1.219456 1.518928 1.518928 1.648355 1.660742 1.601049 1.685242 1.811248 1.721337 1.584966 1.635874 1.768315 1.811248 1.921039 1.921039 1.921039 2.064934 2.064934 2.064934 2.247751 2.44828 2.548624 2.734508 2.835487 2.936454 3.138344 3.239265 3.441056 3.747684 4.064797 4.38887 4.476119 4.901145 5.31353 5.710593 6.319769 6.901349 7.683887 8.455703 9.336045 10.34266 11.4849 12.85549 13.33271 12.45274 4.179721 15.265 19.5735 22.27867 29.58958 32.4053 32.41846 24.76863 17.30854 13.72659 24.0474 36.049 44.45539 51.12008 47.66626 26.91088 29.93257 25.63813
1.095438 1.518928 1.648355 1.718358 1.742046 1.742046 1.742046 1.811248 1.811248 1.858704 1.996855 2.037474 1.902284 1.95539 2.050002 2.050002 2.211012 2.308417 2.308417 2.382605 2.462867 2.548624 2.740112 2.849875 3.050836 3.344753 3.445503 3.541924 3.742236 4.146689 4.552744 4.653281 4.95986 5.361029 5.761768 6.257968 6.85453 7.555026 8.263076 8.985982 9.699592 10.48543 10.92257 9.966364 6.065339 6.965913 12.2274 11.45099 20.88748 33.54418 37.16209 30.1784 21.84245 17.52625 15.2179 15.06996 26.90639 42.5147 50.47476 43.82814 27.18307 27.68369 21.85399
1.288938 1.724311 1.718358 1.718358 1.742046 1.742046 1.742046 1.811248 1.858704 1.965839 2.050002 2.128428 2.087132 1.994289 2.087132 2.180705 2.240909 2.308417 2.308417 2.382605 2.481494 2.679723 2.862405 2.862405 2.962448 3.26283 3.56347 3.754482 3.848382 4.045951 4.447611 4.750584 5.055171 5.456614 5.861879 6.274886 6.781446 7.297719 7.927473 8.614962 9.213769 9.687369 9.998431 9.939142 9.955979 12.9413 18.08292 24.76543 31.49161 32.5245 27.51085 23.51406 18.43844 14.94847 12.63675 10.56554 17.39624 41.34003 48.89085 39.03501 17.26605 11.80903 10.70324
1.518928 1.944885 1.791341 1.718358 1.742046 1.742046 1.742046 1.858704 1.965839 1.965839 1.858704 1.902284 2.087132 2.128428 2.128428 2.180705 2.240909 2.308417 2.308417 2.406116 2.530493 2.725141 2.996754 3.095727 3.095727 3.194808 3.476475 3.763978 3.964521 4.165073 4.465878 4.77619 5.087201 5.486251 5.796791 6.121721 6.647187 7.192382 7.764255 8.304021 8.809041 9.297786 9.705188 10.22947 11.42166 14.40012 20.12506 27.78853 30.90331 23.62938 15.8084 14.26626 11.6528 9.862989 7.057693 5.831597 8.804526 38.01754 49.9907 35.05242 5.650885 6.850124 8.251596
1.362401 1.944885 1.944885 1.791341 1.802743 1.883342 1.883342 1.965839 1.965839 1.910344 1.996855 2.084677 2.17365 2.263636 2.220254 2.220254 2.406116 2.560639 2.594379 2.725141 2.78454 2.753145 2.94688 3.239265 3.337111 3.337111 3.511534 3.790979 3.990149 4.205231 4.520227 4.817506 5.033029 5.446389 5.85929 6.096084 6.4337 6.895514 7.390641 7.834187 8.282371 8.813553 9.355112 10.08422 11.11395 12.77166 15.54015 19.21534 17.00594 8.055051 11.31768 7.476995 7.450795 7.18819 4.179721 4.02575 6.13738 41.86914 54.17426 26.68394 7.65254 9.470738 8.847876
1.288938 1.791341 1.944885 1.944885 1.866953 1.944885 2.024868 2.024868 2.050002 2.050002 2.050002 2.084677 2.084677 2.128428 2.220254 2.310633 2.446189 2.594379 2.672077 2.764266 2.88021 2.88021 2.88021 3.044129 3.239265 3.337111 3.435117 3.72995 4.04721 4.26654 4.462458 4.756999 4.998613 5.315438 5.729176 6.071168 6.318971 6.63353 7.147545 7.616454 7.967729 8.263076 8.683986 9.312684 9.935176 10.51112 11.02536 11.28968 7.075474 5.851515 7.618427 6.154639 7.364119 7.654503 6.075328 5.272331 8.149355 48.71762 52.28215 5.854107 15.99817 10.62334 9.256682
1.505372 1.934323 1.866953 1.944885 2.009637 2.009637 2.024868 2.024868 2.050002 2.050002 2.050002 2.084677 2.084677 2.17365 2.310633 2.361028 2.446189 2.538567 2.58054 2.631573 2.819212 3.044129 3.138344 3.199601 3.295536 3.488201 3.584885 3.681775 3.903625 4.222151 4.512343 4.733434 4.984372 5.272331 5.493635 5.841132 6.257968 6.63429 7.032006 7.388604 7.717697 8.094022 8.420273 8.601086 8.775123 8.73879 7.935037 6.13738 2.38904 2.190075 4.089788 4.950636 6.482894 8.275743 8.568617 6.942771 15.52221 49.55692 43.13749 18.90072 13.26959 10.14986 10.71513
1.505372 2.009637 2.009637 2.009637 2.009637 2.009637 2.024868 2.024868 2.050002 2.106667 2.247751 2.361028 2.361028 2.361028 2.361028 2.361028 2.489728 2.58054 2.58054 2.672077 2.806489 2.989925 3.175563 3.363021 3.457335 3.551995 3.776153 4.000353 4.094768 4.189458 4.474982 4.731286 4.954738 5.238552 5.531316 5.885129 6.096084 6.315775 6.631251 7.05128 7.485707 7.751997 7.914849 8.040152 8.154254 7.899672 6.727777 4.38539 1.996855 1.522298 2.625736 2.849875 4.714065 7.295655 8.323815 7.495747 19.99766 40.70522 34.11837 21.47146 10.16584 7.562982 9.355112
1.505372 2.009637 2.009637 2.009637 2.009637 2.009637 2.024868 2.087132 2.247751 2.247751 2.166573 2.274914 2.361028 2.361028 2.361028 2.361028 2.44828 2.625736 2.762416 2.851669 2.851669 2.941671 3.082495 3.175563 3.363021 3.494049 3.666502 3.983757 4.261764 4.35511 4.486337 4.750584 5.027983 5.25209 5.465894 5.781057 6.00252 6.232099 6.468878 6.739741 7.134178 7.377732 7.553036 7.834187 8.014633 8.049467 7.634191 6.075328 3.492588 1.947517 2.135632 2.295075 4.925954 5.923672 6.826574 7.054132 20.67218 28.1021 20.46451 16.92648 11.04924 5.906574 7.037723
1.505372 2.009637 2.009637 2.077296 2.152348 2.087132 2.087132 2.152348 2.166573 2.190075 2.166573 2.247751 2.361028 2.414608 2.554638 2.639336 2.639336 2.725141 2.811949 2.851669 2.899668 2.988215 3.123658 3.258131 3.441056 3.574907 3.618883 3.709381 3.983757 4.301007 4.520227 4.745231 5.016864 5.284821 5.464966 5.689279 5.921111 6.16038 6.406201 6.554816 6.738994 7.071922 7.336813 7.49374 7.830993 8.614962 10.85436 12.73667 11.91557 8.020864 6.574011 6.796276 6.495326 5.018887 5.561456 7.054844 22.11711 23.30088 16.59839 15.68014 10.94581 6.715789 8.014633
1.505372 2.077296 2.220254 2.220254 2.087132 2.087132 2.220254 2.229458 2.166573 2.247751 2.308417 2.308417 2.414608 2.530493 2.612064 2.639336 2.639336 2.639336 2.673991 2.762416 2.864191 3.037407 3.213937 3.350853 3.528932 3.665111 3.801725 3.890544 3.979918 4.205231 4.38887 4.566131 4.791063 5.063198 5.336383 5.610417 5.799408 5.961958 6.274886 6.536334 6.584735 6.63429 6.772532 7.019842 7.485707 8.277552 10.51485 12.48516 16.74407 15.81425 12.76339 10.20783 7.406912 5.332582 5.809868 10.71284 21.50159 17.40612 13.93471 14.22518 11.06644 8.71657 11.62612
1.718358 2.220254 2.077296 2.009637 2.087132 2.220254 2.220254 2.166573 2.229458 2.308417 2.308417 2.308417 2.38904 2.450369 2.471163 2.554638 2.639336 2.639336 2.725141 2.864191 2.918995 3.003568 3.175563 3.314079 3.539041 3.763978 3.902319 4.076062 4.2137 4.351602 4.438449 4.576145 4.852185 5.076214 5.267519 5.545037 5.822916 5.994936 6.036107 6.16202 6.367496 6.420358 6.56634 6.834679 6.965913 7.000477 7.056981 5.523984 9.248652 13.13503 11.97834 9.314811 7.254945 6.387274 6.960857 15.3599 20.52126 16.53009 17.22027 16.58404 13.72659 13.80553 18.84068
1.505372 2.009637 2.009637 2.077296 2.220254 2.29061 2.229458 2.166573 2.220254 2.308417 2.308417 2.371841 2.450369 2.450369 2.530493 2.672077 2.835487 2.918995 2.976219 3.117109 3.199601 3.199601 3.283115 3.423207 3.56347 3.731317 3.870838 4.04091 4.179721 4.373769 4.62808 4.736655 4.933166 5.183059 5.295366 5.493635 5.774051 5.974664 6.036107 6.009253 6.075328 6.206932 6.291756 6.274886 6.16038 5.872224 5.150652 3.540482 2.017267 5.76089 6.85453 6.4337 6.223181 7.184696 12.72762 26.63494 29.35292 26.63266 25.90951 24.44596 22.96435 23.35322 28.09114
1.505372 2.077296 2.220254 2.29061 2.29061 2.29061 2.308417 2.308417 2.29061 2.371841 2.450369 2.437808 2.514267 2.592406 2.592406 2.592406 2.672077 2.835487 2.955539 3.097377 3.199601 3.258131 3.399262 3.480877 3.480877 3.56347 3.762623 4.067303 4.29034 4.407384 4.653281 4.793184 4.769802 4.933166 5.131899 5.253056 5.456614 5.738885 5.957716 6.009253 6.068671 6.135733 6.000835 5.754737 5.461256 5.151637 4.842752 3.763978 2.679723 3.979918 4.295084 3.964521 4.8006 9.00474 23.89745 38.0206 38.09645 37.13927 36.21824 33.24057 30.56141 30.35645 34.58923
1.718358 2.29061 2.29061 2.29061 2.29061 2.29061 2.308417 2.308417 2.29061 2.363195 2.514267 2.514267 2.437808 2.514267 2.592406 2.592406 2.65672 2.813766 2.876658 2.876658 2.976219 3.097377 3.239265 3.399262 3.540482 3.681775 3.807087 4.027015 4.26654 4.326968 4.468155 4.769802 4.910463 4.97111 5.174242 5.378966 5.443597 5.509291 5.661627 5.792425 5.923672 5.994093 5.923672 5.650885 5.253056 4.905288 4.655466 4.076062 4.38887 5.11506 4.688113 3.663718 3.938724 11.79302 33.59476 42.2074 33.55375 31.08629 35.34295 37.41067 37.49295 36.82782 39.34451
1.718358 2.29061 2.29061 2.29061 2.29061 2.29061 2.308417 2.308417 2.29061 2.29061 2.363195 2.514267 2.58054 2.58054 2.592406 2.65672 2.791876 2.876658 2.876658 2.941671 3.161052 3.303275 3.303275 3.445503 3.665111 3.807087 3.872155 3.872155 4.027015 4.247403 4.374932 4.593892 4.891808 5.160494 5.367644 5.509291 5.585084 5.576009 5.71768 5.85929 5.781932 5.710593 5.640123 5.426813 5.076214 4.530344 3.731317 2.955539 4.089788 5.87911 7.406912 7.967729 9.297786 21.29642 36.29032 33.43879 12.59294 14.8706 26.5019 31.62285 39.75723 42.24958 37.77605
1.718358 2.29061 2.29061 2.29061 2.29061 2.29061 2.371841 2.450369 2.363195 2.29061 2.29061 2.363195 2.506114 2.58054 2.65672 2.791876 2.862405 2.941671 3.018843 3.008668 3.077518 3.226626 3.369089 3.505716 3.653958 3.796356 3.872155 3.872155 4.006718 4.298638 4.507831 4.650002 4.866821 5.144738 5.360083 5.434279 5.509291 5.643713 5.781932 5.927085 5.927085 5.781932 5.643713 5.434279 5.076214 4.507831 3.653958 3.037407 3.574907 5.534979 8.344754 11.79302 18.27561 26.82722 26.66857 21.19099 19.12436 21.3569 36.08562 37.559 29.98072 25.68128 17.88708
1.718358 2.29061 2.29061 2.29061 2.29061 2.29061 2.363195 2.514267 2.58054 2.576572 2.576572 2.576572 2.576572 2.649008 2.791876 2.862405 2.862405 2.934713 3.084152 3.15134 3.148096 3.220288 3.363021 3.43363 3.505716 3.648369 3.796356 4.006718 4.218531 4.36095 4.503315 4.645626 4.858463 5.072213 5.214287 5.360083 5.501929 5.710593 5.923672 5.99578 6.000835 5.927085 5.792425 5.597765 5.253056 4.851138 4.457895 4.16385 4.223357 5.249192 5.774051 8.771156 17.01451 19.3069 13.48762 12.00012 16.91571 28.83889 46.52976 44.21445 20.10954 2.087132 5.322112
1.718358 2.29061 2.29061 2.29061 2.29061 2.29061 2.29061 2.363195 2.506114 2.576572 2.576572 2.576572 2.576572 2.576572 2.576572 2.649008 2.791876 2.862405 2.934713 3.077518 3.220288 3.363021 3.43363 3.43363 3.505716 3.648369 3.790979 4.006718 4.223357 4.36095 4.503315 4.645626 4.792124 4.934196 5.072213 5.284821 5.640123 5.927085 5.99578 5.99578 6.068671 6.142316 6.0853 5.974664 5.683938 5.112082 4.876206 5.802897 6.93117 6.495326 4.942423 8.13832 17.09772 15.84582 12.08002 20.52189 32.09701 42.36969 49.59731 33.5117 3.681775 4.444177 3.614651
