data/static/orig/slo_rofental_100.dat
ncols         183
nrows         158
xllcorner     629823,17944444
yllcorner     5180158,5011111
cellsize      100
NODATA_value  -9999
[rows 0 to 27 of 158, columns 63 to 125 of 183]
0.1432392 0.2264803 0.4297103 0.4297103 0.5729387 0.6794125 0.7161599 0.8593723 0.7910154 0.8165352 0.9554377 1.288938 1.866953 2.65672 3.762623 4.97111 6.584735 8.217058 9.518125 10.55626 11.03421 10.9672 10.14065 8.828762 7.147545 5.272331 3.539041 1.825334 0.6485165 1.223652 1.996855 2.554638 3.621702 4.97111 6.176755 7.735191 10.26544 13.22202 15.86594 17.03375 16.30927 14.32202 11.85038 9.021256 5.683938 2.819212 0.9337243 1.505372 4.714065 7.58085 8.328008 7.830354 7.26739 6.631251 5.781932 5.284821 5.284821 5.501929 5.71768 6.150534 6.996885 8.064967 9.247046
0.3651854 0.4051356 0.6405596 0.6405596 0.7713214 0.9554377 1.076554 1.145763 0.9337243 0.9554377 1.268897 1.635874 2.464943 3.518794 5.049142 6.908635 8.984877 11.33272 13.24367 14.59259 15.25278 15.05041 14.04332 12.28133 10.04853 7.869226 5.909142 3.903625 2.639336 2.532514 2.897904 3.610414 5.176202 7.080445 8.41139 9.911343 13.13794 18.73478 22.7043 23.99444 22.83252 19.61925 16.80859 13.39727 9.477002 5.873085 2.920746 4.38887 9.575069 13.98558 11.93343 10.56183 9.738185 8.914429 7.504436 6.631251 6.790348 7.237623 7.47297 7.9558 9.060765 10.76388 12.92315
0.7161599 0.7373295 0.8102307 0.8165352 0.9058504 1.076554 1.145763 1.145763 0.8593723 0.7910154 0.9607894 1.421319 2.437808 3.653958 5.352511 7.495747 9.758936 12.27033 14.53804 16.1368 16.8368 16.57659 15.59294 13.68501 11.22566 9.536801 8.779654 7.214691 5.781932 3.949063 2.936454 3.778853 6.067838 8.441549 9.121318 8.847876 11.53134 22.23463 29.11834 27.69439 24.80107 21.13609 19.54419 16.80533 13.85183 11.28968 10.01024 9.177124 5.633835 16.85007 13.21155 9.575069 9.856989 9.989562 6.796276 5.018887 6.67894 7.547062 7.485707 7.359348 7.813084 11.3516 15.23168
1.002574 1.057333 1.032802 1.118594 1.223652 1.236156 1.288938 1.154677 0.8712244 0.6485165 0.4176038 1.154677 2.274914 3.851031 5.978048 8.559897 11.4093 14.19961 16.65674 18.65335 19.61546 19.43381 18.30222 15.29762 12.01703 10.7566 9.453491 6.56634 7.495747 5.554165 1.449879 1.791341 4.448755 8.531933 9.619851 6.762861 3.747684 18.69329 33.16702 31.53417 27.47552 25.09846 23.93557 21.70949 20.17645 20.47251 22.59961 22.83468 20.12312 20.56128 15.53567 11.97834 15.15954 13.81755 6.664595 2.185395 5.648197 7.921795 8.178704 6.712039 5.159511 8.248573 15.85924
1.432096 1.542363 1.505372 1.620137 1.697359 1.545682 1.648355 1.358634 1.032802 0.6076908 0.5064147 1.421319 2.857042 4.820669 7.266008 10.31223 13.84909 17.44974 20.34379 22.51064 23.76721 23.68955 20.07155 12.81777 9.942116 8.838886 3.933544 5.213315 7.618427 8.493908 6.047817 9.060765 13.04445 14.7338 14.64914 11.96905 13.3898 18.69115 30.34723 34.1418 33.61018 33.09825 29.47762 27.58814 26.53423 29.00917 33.83702 35.13218 30.75287 29.61626 26.43115 25.00683 25.04949 18.23644 13.24259 12.13706 9.164694 5.643713 7.974626 8.784747 8.658745 6.676677 9.321187
1.861458 1.947517 1.891483 1.926363 2.1452 2.106667 2.087132 1.861458 1.623297 1.296867 1.449879 2.308417 3.907541 6.319769 9.487952 13.31159 17.71062 22.28185 26.09498 28.22686 29.13317 28.30139 19.06802 11.68938 14.29005 12.8581 13.05178 15.60573 16.3273 17.38531 21.06743 27.78613 30.38284 29.95241 28.12921 24.8014 22.97009 25.04147 36.30165 41.77296 41.66959 38.51517 33.42727 34.26577 32.53817 33.55703 34.00932 35.44168 32.07169 32.78296 31.32243 28.83702 23.58535 19.04602 19.30644 19.38657 17.34776 12.42487 10.98188 16.28106 15.54284 14.016 17.25397
2.433606 2.499982 2.602253 2.530493 2.725141 2.950346 2.799192 2.78454 2.749428 2.723264 3.177171 4.117101 5.834199 8.466301 12.46394 17.76116 24.25023 30.27201 34.78966 35.8578 34.8918 33.46049 23.17554 19.3069 21.25829 18.93765 18.6207 20.19533 23.70169 26.80182 31.12208 35.33261 37.18046 37.06383 35.07489 33.80631 35.01303 39.3179 42.56364 41.55968 41.48481 34.52973 29.68373 38.56158 39.56062 39.88189 35.53392 35.98713 31.58401 29.43976 26.76154 23.94821 21.02366 19.49371 16.85657 13.80278 13.51723 14.2036 18.54438 24.82851 20.85222 19.91685 26.38082
3.077518 3.199601 3.488201 3.553431 3.610414 3.938724 4.006718 4.224563 4.457895 4.793184 5.523984 6.748701 8.289595 11.27717 16.48204 23.95157 33.07414 36.6708 40.75961 39.98082 38.24385 36.61711 30.51222 28.58646 29.04901 27.26453 26.30458 28.68157 31.60841 33.65682 35.59275 38.09044 40.3905 40.9427 38.66104 39.73585 42.48076 41.95255 40.69134 41.83898 40.50362 27.6861 27.11299 44.43702 39.6618 33.40448 29.61495 32.21998 29.41653 23.93001 19.16648 18.14152 19.03861 17.81959 14.72106 11.70265 11.67069 14.43181 25.07965 31.60186 26.74313 23.50523 24.37678
3.938724 4.044691 4.318725 4.576145 4.801658 5.241456 5.643713 6.226426 6.866266 8.476885 9.086457 9.525393 8.735944 13.99911 20.6919 29.73545 34.90544 26.14017 40.86744 38.69722 34.38265 31.59922 30.59331 29.34033 29.79326 32.40077 33.20958 33.74712 33.71884 34.30772 35.98043 40.81385 42.01467 40.61303 39.65904 40.80869 40.41727 36.58938 37.10197 40.64188 34.47099 25.72281 36.06732 46.29494 29.82678 9.525393 12.64587 15.89418 17.00086 14.04837 11.63696 12.59294 12.81665 13.89556 14.38834 12.17678 14.92685 25.68536 36.17809 36.89814 32.05937 30.06712 26.29425
5.018887 5.237584 5.599575 6.075328 6.457954 7.075474 7.817565 9.083728 10.25969 9.312684 10.22178 12.13706 10.38765 16.01461 24.3387 34.70741 37.66161 17.80393 34.78757 37.80078 28.26707 24.31108 24.99815 26.36806 32.56845 37.97477 36.9325 33.92844 32.64185 32.32972 34.40189 43.7327 43.93382 40.65868 39.87281 40.6805 40.25685 40.52343 41.86582 40.73426 31.73538 32.48583 43.35084 39.76874 14.94597 7.071922 8.175653 9.453491 11.09066 9.748313 8.943345 8.269713 5.464966 7.942594 9.213769 8.775123 18.95911 29.71642 33.24888 30.40328 28.3001 32.97354 30.91552
6.13491 6.56634 7.05128 7.800265 8.475122 9.327558 10.59841 13.10698 12.92945 4.447611 8.030826 8.468066 7.111605 11.22783 18.694 27.75566 34.30807 30.59387 20.65202 33.22269 26.41554 24.57406 26.38371 33.42651 38.53107 37.57794 36.45706 37.11401 38.67304 38.86386 41.65589 49.02653 45.52423 42.03659 41.92664 43.12502 43.16697 42.86475 41.98727 37.55307 31.25649 37.4086 42.14863 28.0058 12.84952 11.47728 10.25634 11.27631 13.81343 13.48762 10.86741 8.277552 7.829076 7.838655 6.781446 12.95609 24.93732 27.56053 23.75256 22.11181 19.65953 20.58532 23.22971
7.547062 8.182975 8.84282 9.669517 10.60396 11.68938 13.513 16.98666 17.66348 12.14701 12.40819 13.06167 13.03564 14.49267 19.36868 20.90631 17.92546 18.97611 1.724311 23.06114 26.81439 30.30938 34.46097 36.50097 33.46303 33.72478 40.2873 44.79805 46.36641 48.5425 50.98769 50.95024 44.94102 42.84468 44.79015 44.79487 42.91792 40.53347 34.13285 23.77555 26.47456 38.53244 33.38394 15.16508 10.66521 10.93509 10.17357 11.4849 14.40045 15.15462 14.3072 16.60281 20.66491 22.27043 22.41763 27.90208 31.93871 28.79341 28.30745 27.26179 19.1759 11.38284 11.59267
9.161989 10.22178 11.39608 12.4894 13.40011 14.02309 15.11946 18.47585 23.68732 24.04472 22.46762 22.26706 20.40988 22.58879 27.0227 26.32393 23.07839 17.99145 8.683986 13.24943 19.83054 26.11929 30.78395 30.38966 32.22689 40.98961 46.98668 47.80635 46.92283 48.10633 49.29057 46.97875 41.93546 36.96283 34.16991 30.41043 30.20151 29.66381 25.96993 24.5431 35.71782 35.40239 17.7467 6.980337 8.344754 7.990279 7.200756 8.526679 12.38877 16.68884 18.85172 22.15732 26.822 31.29417 33.32673 35.71888 32.46701 25.8066 29.88415 28.32509 20.55772 12.95572 12.75775
11.13367 12.67887 14.32926 16.0615 17.37254 17.26264 14.9234 13.81343 17.39572 24.01624 30.03338 29.07904 27.81404 34.07847 38.59965 37.22625 30.76331 20.37263 11.92207 8.072395 9.44145 15.03301 19.40377 21.6751 25.75008 31.02563 33.04216 35.92146 37.25879 35.46204 35.52935 30.72161 17.01451 4.938311 10.61227 7.353892 12.81627 13.60946 28.2694 37.32545 38.22099 23.12669 9.121318 7.270843 8.129726 7.259788 7.05128 9.245974 12.84952 16.67321 18.40408 18.21412 18.34972 21.86553 28.87627 32.10817 25.33327 19.44419 29.28785 26.65334 22.36227 19.89193 19.96547
13.39691 15.46853 17.88029 20.80844 24.06763 25.64904 20.24412 15.48625 21.49312 29.72493 31.52304 27.87089 32.49753 41.7072 41.97077 36.36863 29.23933 22.32388 15.75707 10.17406 10.36305 13.50208 14.30852 12.58033 13.61539 18.08292 24.42522 23.1895 21.37298 20.37179 18.31222 7.927473 21.29243 23.69793 18.61568 14.93657 23.04136 23.43723 18.63882 27.28799 20.98037 11.07173 8.984877 7.237623 7.057693 6.822149 9.205699 13.66 14.35359 11.94477 10.42349 10.04853 10.27309 11.97834 17.00916 21.69959 26.2318 32.5592 38.80448 35.75299 32.12577 31.39314 31.91739
15.81191 18.53934 21.8232 26.39052 32.77264 39.72343 41.34485 38.79224 38.01633 35.5486 29.65051 28.09114 35.89875 40.6507 35.51963 29.5423 30.1518 34.70889 35.0667 28.84887 22.80558 21.66362 18.55445 15.14537 16.95553 18.68569 21.33942 21.6605 17.7918 21.73974 27.17383 28.74794 22.97492 13.25196 8.587766 7.910425 15.48385 30.41587 36.34378 26.70568 9.972292 7.018409 8.309424 5.183059 5.3865 7.761676 14.24541 23.11676 22.41949 16.51456 7.353892 5.914274 7.469615 9.138694 10.66888 20.56128 22.65761 26.79618 32.75178 28.96454 32.09424 41.23689 36.46458
18.52277 22.06199 25.89026 30.07731 32.12086 34.8528 38.22169 36.00383 30.76031 24.07481 23.0312 32.13773 41.20237 40.40295 33.9581 34.32597 40.65509 45.97313 47.5126 44.40374 39.93448 36.39769 32.99324 32.73396 33.20729 25.43998 7.555026 15.47274 27.19356 31.41397 29.94296 22.21661 12.94241 8.055051 6.283728 6.432916 8.050088 18.35482 34.63843 33.9804 11.49167 6.554816 5.240488 3.902319 9.533174 17.69026 28.82191 35.29626 30.16413 26.67924 11.02005 5.738885 6.574011 8.798315 10.14986 17.92672 25.41402 20.58281 17.18994 18.45655 24.49762 22.10898 30.01085
21.43159 26.13135 30.81974 30.4161 23.05063 18.90025 19.522 18.10001 17.77231 18.97611 24.2707 36.8657 44.80735 44.11013 37.51505 27.8212 17.07536 13.10917 21.97943 27.63974 36.1765 40.50508 40.48932 36.27257 26.40166 17.7794 17.43496 14.15463 12.90906 10.80922 13.04188 15.5977 14.3161 11.05233 9.066785 8.129726 8.372787 12.59523 32.07046 38.14898 10.03775 18.72696 13.43385 7.493071 10.41784 22.82077 31.46482 31.53014 27.94165 33.33965 16.95096 8.41139 6.4337 9.336576 12.47591 19.59963 29.86822 26.43996 15.04793 16.96224 31.77908 2.236335 44.88427
24.55283 29.85778 34.31908 28.32303 24.8014 26.87409 28.73175 26.04729 24.56774 25.2047 27.27277 36.1208 35.84876 23.3464 9.215919 18.72222 23.50939 27.56875 23.73312 13.06203 10.919 13.85456 16.65674 18.31222 21.76761 29.16011 26.16089 12.42952 9.420996 9.082089 12.28329 16.92783 19.7433 18.36819 15.20072 11.51532 9.358815 13.43066 35.28767 31.849 26.14282 31.83694 28.37071 26.07728 20.39698 26.71406 22.6194 22.14487 10.69089 26.50305 25.08623 17.12428 9.066785 10.45123 15.95077 23.37226 35.13941 28.51753 17.17196 13.40687 25.1135 19.58289 43.68425
27.71617 34.06975 35.45378 25.56839 27.30799 34.37784 33.05192 28.09636 26.33091 25.01061 24.62853 24.99184 17.7467 27.07415 31.65982 34.32803 25.80945 20.62391 16.90277 17.84229 24.02664 30.34097 19.88689 36.1867 33.1675 27.57495 18.76599 9.470738 8.811861 9.205699 10.89212 14.40928 18.49825 17.88632 14.25137 11.62612 9.852987 21.83263 35.49344 14.01094 23.73807 19.77618 21.65602 28.91047 30.59208 34.31882 26.72583 30.5676 31.11327 19.09945 19.7152 19.49843 22.57393 25.58893 26.9305 28.67187 38.47821 25.71013 5.517561 11.72872 31.70876 42.45745 36.72902
27.77217 37.88859 39.6256 39.00774 28.79579 25.93543 32.02597 28.22841 28.53825 30.00667 24.18683 5.008761 16.55834 26.00273 29.54816 28.51486 20.56274 16.09448 12.90572 13.12957 15.71822 28.21339 30.85986 37.13912 28.80792 15.41161 9.525393 6.848654 6.91664 7.26739 7.834187 8.255223 11.02049 14.03692 12.3736 11.26161 14.30291 32.83152 27.48215 13.30693 18.81598 9.426245 10.48356 17.37567 26.58137 31.72742 23.2503 19.70723 25.60276 35.24091 42.86889 44.25904 40.73211 37.48876 37.38998 36.76012 43.81319 43.92702 33.48235 33.56068 41.46002 41.77513 31.9295
22.16185 34.30799 39.56506 43.60773 37.8764 6.067838 22.47354 22.89381 25.23348 22.57907 17.47098 16.18724 16.51456 16.13252 19.55762 18.28367 12.43997 9.856989 10.53022 12.01261 14.05308 21.72482 31.10577 34.03328 24.39381 11.70513 8.309424 7.057693 6.91664 6.844244 6.866266 6.076159 7.950772 11.89443 13.29258 12.79268 22.36022 35.09239 18.67785 26.40036 19.92558 13.44235 10.96408 14.28179 23.781 28.94286 20.69314 14.38605 18.96214 35.34228 41.32626 37.66924 27.94994 26.38183 30.25542 36.44451 44.14323 47.88542 41.51858 37.54144 40.99067 35.21037 33.69851
20.40311 32.23705 40.7949 43.22894 40.17536 17.73858 17.84985 27.28086 31.74249 28.42453 28.07951 19.18485 17.90616 16.99845 13.90203 10.69089 8.241311 7.974626 9.407332 11.3807 13.8323 17.06284 20.83189 21.8878 14.87785 9.823419 9.788212 10.64269 11.243 10.44042 8.475122 7.581511 8.967735 10.23908 12.26758 14.87659 30.36647 25.99799 25.27958 23.95157 15.53567 12.61734 10.8975 12.36737 19.3646 27.72645 22.05269 13.13612 16.39132 35.52271 30.56625 22.63239 20.91714 28.50009 34.97313 38.04715 39.75793 43.95385 39.612 38.33864 40.85092 33.63147 38.34003
20.11536 34.026 43.01571 45.21864 45.63408 33.11588 29.66084 31.59585 25.70787 39.89381 34.93493 20.82839 18.99659 17.3067 11.50266 8.170767 7.25702 7.181899 8.129726 9.928727 12.56542 14.76116 15.2595 12.60324 9.426245 10.48215 13.05874 14.96536 15.05538 13.2278 9.738185 7.667577 9.271651 10.44465 10.7893 16.54754 32.70525 20.30894 21.31634 15.50694 11.02049 9.436734 9.04268 9.138694 11.83443 21.31933 23.14989 20.02349 15.18138 38.8854 25.38925 16.0362 20.44091 28.95079 31.90174 29.75612 27.83712 39.01601 45.01633 46.5593 42.51045 34.08854 37.85875
21.22668 39.0062 46.76299 46.48051 46.61941 28.07298 11.17868 2.857042 17.40872 33.42642 37.78117 33.69711 22.32388 16.50206 10.39096 7.553036 7.238317 6.899162 7.990279 9.888942 11.72335 12.92982 13.04775 11.00675 9.267912 9.990055 11.35974 10.98811 10.10372 11.03863 10.54092 8.587187 8.545345 9.302577 8.689139 17.88331 25.69745 18.23644 13.71275 12.87002 10.71832 10.7766 10.90691 10.29983 10.76615 13.20902 16.52565 22.65177 17.14947 39.00834 25.03769 14.34833 14.43214 16.08674 19.9378 28.76374 31.17838 44.22253 52.5013 51.09187 42.95263 34.92364 35.72405
28.47371 44.27896 49.29057 46.0332 40.76032 20.30192 11.14549 16.25958 20.1412 15.40437 27.27222 39.6618 31.69397 19.29916 12.11237 8.040152 7.012676 6.991853 8.802268 11.28968 12.75587 13.32556 13.32269 11.37044 9.250794 8.644944 8.072395 6.13491 5.697281 8.535434 11.01739 11.3546 10.41172 10.1188 10.23668 20.15411 21.36802 11.86509 9.962904 10.21793 8.573844 11.20089 14.65779 14.7338 14.26626 13.72832 19.01982 21.43001 18.41208 36.36153 24.09751 17.4865 14.27816 10.03284 13.29689 24.30647 30.62738 39.54541 41.1047 40.03982 36.70812 35.92332 36.20742
40.51453 47.95201 50.57656 47.01138 32.87652 8.577907 6.808116 12.30917 13.55659 11.93991 21.11088 33.34392 33.28609 24.41149 16.71293 9.397335 6.574011 8.079817 10.81329 13.20902 13.85867 13.82579 13.45404 11.29141 9.574038 9.117512 8.246758 7.137698 7.160185 8.981009 11.42123 12.91462 12.53592 11.1826 10.71147 17.35402 20.44871 15.70967 11.69021 10.05294 8.247968 8.752433 15.63869 23.29193 26.10029 26.62581 33.12118 32.68273 34.03101 40.68943 28.50111 22.28634 17.3122 12.90906 10.11345 15.93889 24.30202 28.90662 20.24412 22.28858 25.70908 31.90641 35.22873
48.44156 49.72004 48.24211 37.90656 15.88342 3.902319 6.959413 9.034447 13.29689 13.94456 20.82202 31.34646 31.3337 25.48825 19.90177 11.24863 6.872858 9.656742 12.17678 12.96053 12.47321 13.20902 13.0125 11.45566 10.80922 9.671048 7.595376 6.635049 6.631251 7.891438 9.664409 11.35974 12.00617 11.32756 11.1056 13.99066 17.86521 17.25975 11.50646 12.06721 11.45524 10.6132 25.45823 31.10327 21.01798 14.92811 27.92385 24.91578 31.12545 45.16033 36.54095 32.04016 28.09636 20.1994 13.2148 14.99065 22.78422 22.27361 13.07375 16.40755 18.80468 23.51198 29.45107
