data/static/orig/slo_rofental_100.dat
ncols         183
nrows         158
xllcorner     629823,17944444
yllcorner     5180158,5011111
cellsize      100
NODATA_value  -9999
[rows 28 to 55 of 158, columns 63 to 125 of 183]
49.9415 44.77197 30.05565 19.9907 26.24597 17.26395 10.75478 13.29151 18.20209 17.50122 23.09599 27.92834 27.90168 30.32786 25.56229 15.51173 9.412065 12.0992 13.44519 12.36425 11.51828 12.58148 12.43533 11.80082 10.90825 9.609576 7.937557 7.156676 6.91373 7.125016 7.223734 8.468066 9.827434 10.73064 12.65498 16.53009 19.9707 16.80017 10.77841 12.26443 13.80656 23.95965 33.65319 17.07643 17.2287 27.40068 37.14896 38.14948 10.2136 43.05546 40.80245 36.40744 36.38123 27.33521 16.81836 12.75587 16.48093 16.2114 9.021256 12.76227 14.38081 15.96379 20.42002
43.62112 23.43497 6.797017 21.47776 27.22647 23.33853 16.92783 21.50552 25.14307 28.24122 29.60674 18.39245 13.07411 29.78831 33.13676 25.24358 14.46342 13.93471 13.42569 12.07722 12.18985 12.85214 12.16329 10.28934 9.143575 9.533174 9.265239 8.267904 8.320819 7.632223 6.380161 6.635049 7.485707 8.6034 9.428868 14.90928 19.94478 15.63068 11.44845 11.71218 16.79119 32.12577 32.06676 18.67785 16.06379 16.81836 34.33625 44.14474 19.16418 33.66018 42.80305 41.44955 40.48404 30.48852 21.64725 15.46823 14.52283 15.37867 10.02499 11.16646 12.43533 13.75009 16.1368
30.33425 8.332796 16.79636 17.49941 25.83419 33.96687 32.8327 32.35455 30.38591 26.62938 19.0886 16.61135 21.38091 27.28278 31.77229 29.96197 18.6195 11.78315 10.83091 10.44042 11.69519 12.37788 12.09321 10.81646 10.96854 10.8485 10.57435 9.454537 8.883176 7.644682 6.210186 5.927085 7.171401 9.436734 8.51031 13.23105 16.22729 13.06167 10.68218 8.905511 17.41626 30.22803 27.77576 19.8939 11.48617 11.86304 35.66339 45.93279 29.73865 19.26656 42.00945 42.31693 40.44114 32.78355 31.42805 28.31067 18.93134 16.50428 11.62737 10.00188 11.94842 15.60454 16.42992
15.47274 19.79205 20.64827 17.16535 21.33127 33.84356 36.70503 33.35218 29.1551 23.69109 19.38657 19.31031 21.62151 26.51297 26.82482 24.7233 20.12398 10.54092 9.147911 10.18565 11.38284 11.98359 12.7953 14.49559 15.84961 15.05165 12.95905 10.26017 8.545345 7.618427 6.635049 6.068671 7.950143 11.70265 11.11526 11.83239 12.90572 11.37044 8.365639 6.055333 15.72058 24.57098 19.67352 12.99888 9.738185 10.56183 34.11791 44.80912 35.48054 11.37258 38.20639 40.0455 40.36435 34.19877 36.18216 39.49795 28.13871 18.78771 12.01703 10.3512 11.36659 14.80207 14.70894
34.20562 9.778632 25.94049 16.49845 14.95692 17.9207 23.55483 25.29739 23.37226 19.81472 17.12242 19.00286 21.76007 21.88799 17.95474 17.64075 18.35482 13.43243 10.8975 10.04902 10.76615 13.76492 14.92811 14.95348 13.34415 15.21698 15.09257 11.17868 8.959429 8.542431 7.736485 6.518571 8.158539 12.96643 13.97712 11.35503 12.27504 12.41052 8.809041 10.36542 15.57238 19.94129 18.28684 13.75699 12.24514 16.26099 32.47262 38.14094 31.23805 14.90803 27.26673 36.41624 35.63793 26.59725 30.53362 36.8754 31.2319 25.38325 15.69019 9.504091 11.1887 13.61958 12.39655
40.09716 22.3416 25.90697 21.92995 13.77492 13.15684 12.49903 14.85895 16.1368 17.24239 16.96869 17.87501 20.38979 20.91551 18.64835 17.37489 17.45596 13.72486 10.68951 9.470738 10.63809 15.18138 15.60454 12.48786 8.566293 8.861341 14.46049 12.52978 9.514489 9.350879 9.350879 8.276949 8.775123 13.41788 16.25873 12.48786 11.96379 12.70497 11.066 14.12021 17.70248 17.4927 15.57596 14.1105 18.87049 29.07855 32.0306 23.16936 26.95304 31.47418 28.02521 37.66161 38.94173 33.93613 31.62191 30.18024 25.83224 25.69684 22.85255 10.70736 6.773275 9.409436 11.31854
34.28613 38.71926 11.45099 24.37153 18.85266 15.47184 12.76377 9.074987 8.050088 10.83227 15.2537 17.82489 19.11606 17.5682 15.31679 15.70141 18.34023 17.95149 15.21422 13.80931 16.10278 15.94527 14.32466 10.44747 7.165795 6.11842 11.97713 11.90094 7.547062 10.05098 11.48236 11.49505 10.60812 13.34701 16.77596 15.2179 12.06681 9.962904 11.07041 15.41493 19.52178 18.24257 18.44569 23.01068 33.09285 31.9005 8.726832 24.76223 34.42332 35.53234 25.19987 27.11507 38.17265 32.18975 24.48313 25.15979 25.50538 24.99815 23.81754 16.5517 8.505628 9.93468 12.83272
23.78168 39.59921 29.00917 13.99979 18.74259 18.6195 15.99933 11.243 8.766622 9.699592 11.45099 14.07158 15.51622 14.84791 16.07671 20.79876 26.19917 29.09686 27.59554 25.66524 25.18054 18.93975 9.875476 9.00474 8.347741 10.13677 11.36916 13.37092 6.091939 9.257217 11.60899 13.12011 12.27701 13.83093 16.80424 16.12252 11.10517 8.261264 11.77204 17.98147 18.52013 19.08074 23.33853 28.09636 36.06154 11.41484 23.14812 25.99799 27.38093 33.12579 34.60787 29.10999 38.26661 28.02049 18.56882 20.73498 26.81664 29.95975 25.29739 18.60566 17.12959 16.35878 15.11853
20.07998 33.63081 38.4798 24.65304 9.327558 22.41429 17.92471 13.08362 11.32756 12.47591 13.93471 13.75285 13.92246 16.12252 23.63762 29.21081 29.09723 24.49875 18.1314 19.77861 21.73121 19.74109 21.32012 22.16185 18.6207 14.78306 14.24541 20.7385 7.402848 5.186973 8.775123 12.78743 18.16519 20.6622 21.39974 15.28147 7.889537 8.327409 10.67255 18.1356 22.14714 22.7483 26.45929 31.5856 37.01606 5.367644 30.24282 16.21566 19.23983 25.06394 34.05548 31.3802 37.21959 29.89258 25.43844 24.31832 27.34928 33.61018 29.31114 21.60413 22.24964 19.35938 17.10197
21.17633 24.24445 32.26344 36.29325 20.4234 22.92975 19.60766 14.87312 13.62237 14.56551 16.12938 16.03707 16.75089 19.13335 27.62135 28.01302 18.51051 11.60899 9.143575 11.78644 14.76783 16.36243 22.63916 26.98155 24.58701 17.64739 16.04512 25.27617 21.7058 0.4176038 11.04835 7.927473 24.51388 30.63455 23.27139 3.553431 10.55672 17.35455 16.74571 17.67165 23.54102 22.43542 26.40166 36.87876 40.95947 6.370665 28.76988 19.6895 18.80468 17.71647 25.45195 25.00367 27.41361 26.3524 20.78145 20.3032 26.92616 30.57804 26.16852 23.00835 23.02014 19.50045 18.90142
20.43543 19.27044 22.06636 31.48641 28.12556 14.62121 21.90295 16.50623 15.05817 14.68787 15.08111 14.18164 12.75023 15.45019 23.58535 21.06683 8.763219 6.018498 8.144452 10.04853 12.2274 11.84875 12.72875 11.51195 11.24647 14.3072 13.80107 19.01889 32.25826 20.89894 10.69089 7.679324 22.83468 40.91258 26.12914 11.86713 18.0303 19.74617 19.97962 18.38978 23.66558 19.95066 23.50783 37.0181 41.37968 20.07846 30.55905 33.78238 29.54039 22.52556 18.38396 23.05704 20.53133 28.73175 22.98995 22.63989 26.96479 25.68218 20.9822 26.18847 23.92748 17.18994 17.32006
15.13582 17.1017 17.74518 22.57099 29.87595 5.978048 27.58747 17.35794 14.06217 11.86509 11.66279 12.13706 11.33615 12.48053 18.28831 19.66908 15.80752 12.56045 11.07878 11.59392 13.34415 12.18866 12.41751 11.09066 4.570584 7.42855 10.99033 12.65498 26.31244 35.10646 19.24737 12.01703 17.56898 44.9672 28.621 21.68871 20.82161 12.92389 18.37644 19.15268 22.18446 23.02424 31.45459 40.9229 42.66898 19.96547 20.43353 27.51801 35.33287 34.73682 18.10792 19.75147 19.11975 27.37275 25.894 21.35551 22.18709 21.20423 17.08362 19.98831 24.85877 22.4885 17.90816
11.70596 16.30476 17.88833 23.36527 37.03807 1.145763 31.76603 17.83801 13.71275 10.13483 9.451921 10.67255 10.94714 12.04917 14.23845 15.57238 15.17185 14.47708 14.18796 14.83749 15.72264 14.60128 15.30706 15.88254 10.62288 6.443882 6.655519 10.42161 15.84844 30.21529 28.42351 14.17164 18.24649 41.88404 30.58523 27.85646 22.13071 13.24367 17.68185 16.45168 18.63882 27.11715 35.09853 40.97657 41.50315 22.50455 37.27376 34.0392 36.48799 38.31683 16.72659 12.86444 14.38507 19.77266 26.05912 15.13242 12.2274 15.43694 13.45793 19.60052 29.81174 33.74638 27.04288
9.732101 14.4243 16.43438 22.13449 37.31416 14.25667 26.51412 17.26395 16.80614 11.95894 8.788707 9.691445 10.14695 11.01739 11.80287 12.0303 12.28447 13.14049 13.93471 15.05817 15.34595 13.57763 14.80207 18.81693 20.09617 16.31632 11.05983 9.657253 8.905511 20.33615 29.04815 23.51665 26.31244 34.79383 23.54931 25.54629 18.18759 16.59481 20.49144 15.2485 19.01239 26.7949 33.1747 39.51495 37.83569 20.28254 37.80229 31.52855 34.17397 35.09819 15.64136 10.78748 12.8028 16.35541 23.22425 10.32698 13.09567 18.52205 16.06236 14.98317 24.22857 35.98455 32.18975
9.388906 14.57422 18.89838 21.44008 28.30178 14.00148 11.70265 20.39698 23.65409 18.63882 10.94402 9.619851 10.09397 10.41172 10.92257 10.45216 9.892928 10.93866 12.84915 15.09783 14.24905 10.35547 8.493908 9.939142 16.35541 21.49844 19.2174 15.13242 10.58269 10.55811 22.38254 26.3171 32.98713 30.68495 14.84538 15.06996 12.6546 17.53295 23.77402 20.23472 21.73974 26.01518 34.15735 38.95647 34.05621 15.00095 34.9512 24.13383 30.34962 30.89526 17.61618 13.47349 12.41557 18.01661 21.3434 7.517784 1.223652 12.62153 11.23433 13.04298 26.52145 34.91114 30.40146
10.54511 15.95916 25.3851 26.00851 20.80617 18.00341 17.07217 25.65449 30.89042 29.19031 21.34121 15.17646 12.43997 10.44841 9.888942 9.077173 8.129726 9.738185 13.51969 18.82446 23.19532 19.2556 10.44606 7.647957 8.64667 14.77925 20.56964 18.39245 14.20792 6.673659 11.67609 25.71481 31.09108 28.19005 18.36066 9.281261 6.647187 14.10782 23.0271 19.78588 21.33524 26.06842 35.46245 39.27453 32.70515 13.21624 33.48555 27.27277 29.09686 26.99956 17.64381 17.02493 20.00178 22.20703 18.03651 16.03966 22.29307 18.47585 18.66858 24.79756 29.35026 29.41508 25.37478
9.349291 17.00514 32.18364 31.75986 21.4219 24.39398 25.78738 26.1237 32.11226 31.47918 30.52642 27.89257 22.6472 16.73643 14.5697 12.557 10.3919 13.45793 21.19239 30.55501 36.59754 36.88036 25.9778 14.27717 10.68539 14.22386 19.64508 18.91382 15.98518 9.876473 11.4076 25.60717 27.09012 25.88728 27.2167 19.39223 7.03558 10.72927 21.77921 15.702 16.32448 25.03769 32.4594 37.78102 30.86571 13.35843 32.79691 32.50782 31.17231 26.39254 18.15903 19.45433 24.90483 27.23775 26.38212 26.76564 29.14849 30.82903 26.33207 28.60368 30.50568 29.41207 28.03412
8.815244 22.86625 37.35126 33.94135 22.52114 28.39534 33.66949 29.10533 35.6106 32.50212 35.92997 39.65949 37.72052 35.72578 36.51027 35.80597 32.19271 29.30629 33.08977 35.79004 38.10225 42.97564 39.01635 27.6333 17.32476 14.79447 17.96674 18.2866 17.03723 11.32756 10.68493 21.73974 25.02053 25.14307 23.45565 23.55345 15.79346 11.96905 20.73415 16.36243 16.96224 26.51714 33.07462 36.77489 24.28357 15.5258 31.70446 33.10114 30.34051 22.35128 14.65779 17.96249 24.3943 28.2196 31.34432 31.13457 28.7389 30.9274 30.64764 30.28128 34.42413 32.41876 32.94438
13.73109 29.55676 41.81704 38.12097 31.21483 37.57187 32.18578 17.87929 28.56313 16.91571 9.999908 16.95015 28.27805 41.3771 46.40018 45.1652 39.41755 34.68608 36.2347 33.15512 34.07547 41.92228 41.78115 32.74509 22.37436 19.16211 21.24869 18.71677 15.64758 12.212 6.457954 15.82624 16.17017 21.07856 19.42162 22.47576 23.89745 19.17865 19.66531 16.14736 18.41522 27.93018 35.81021 35.70673 16.84655 21.62385 29.6587 31.93281 30.59331 18.75748 13.30119 16.00279 21.47954 25.16182 23.44818 24.32424 27.35611 31.71075 35.31243 33.69404 34.99477 33.2092 37.20322
22.63257 39.85891 48.7549 45.37241 41.03498 36.80406 11.72872 29.52352 35.6125 32.8021 32.93143 29.8309 23.33293 15.90552 5.160494 24.68588 29.54661 31.58813 34.8695 29.4602 32.29636 39.72897 40.87933 34.67602 22.77407 19.32578 24.82293 22.05042 15.81016 13.85491 3.077518 14.14662 12.88342 15.61613 19.48224 19.59338 25.04461 26.69346 22.97617 18.95538 21.75677 29.70233 32.56597 33.72181 23.44888 21.90026 27.06277 30.16471 28.78778 16.7397 13.12083 13.27498 21.98268 25.73969 20.61975 23.81974 31.50362 36.528 37.38148 34.13231 34.92915 38.41777 39.7994
31.52049 45.17794 47.78382 42.98731 34.90699 15.86827 17.54686 27.66267 36.0445 32.05814 18.97332 21.39241 33.61158 42.74105 41.62591 24.77119 2.024868 17.69586 14.42692 16.78031 37.0075 39.15229 37.71871 32.90337 26.25561 20.48724 23.19603 24.18135 16.69404 13.40403 9.306302 10.40229 17.74594 15.91481 18.81598 16.88874 22.15318 30.11339 28.89182 25.91592 26.41208 30.47983 29.02263 32.41253 28.97122 15.02088 26.20078 28.64652 26.18862 18.36551 12.15336 11.58051 20.59826 24.22857 20.56274 24.44351 26.4502 29.62067 32.68461 36.49174 38.59965 40.13501 36.26559
37.8893 45.65825 44.76214 42.36518 25.68717 19.06802 23.87886 18.70824 33.23025 38.22934 24.53856 14.88288 15.92439 24.06312 36.72887 39.22229 34.05766 29.76497 30.923 21.56911 32.62242 37.76847 36.55054 35.04977 33.62932 27.66334 23.7239 25.16369 18.39633 11.72335 12.4144 8.071776 15.89971 20.41833 22.06636 18.71203 19.59048 29.00572 33.41356 31.82413 29.21435 30.84495 29.74904 30.55905 31.71369 15.0839 24.31025 26.49169 23.57966 21.62073 13.42817 12.34397 15.51263 22.01392 24.33081 26.50679 26.888 27.2178 28.17499 35.13431 36.73649 35.15871 31.81111
42.21292 46.06134 44.64585 39.87678 14.72202 28.50047 28.65258 18.67119 25.9189 36.05969 31.78148 17.56512 12.48246 12.75775 20.20732 33.32416 40.4918 41.83415 40.81789 33.48639 8.075489 34.36241 38.19086 39.47562 39.25983 33.9463 27.62659 25.8195 21.85168 15.23168 15.77234 14.59516 10.9921 17.45674 21.9842 19.96917 16.23948 22.29139 33.70519 36.89951 32.47262 31.46694 32.64007 32.04623 33.61457 26.90765 19.94194 24.27862 22.14374 23.43689 17.5345 15.37413 18.84068 25.23845 27.81842 28.86494 31.26684 31.91573 34.79452 27.61477 28.57784 29.47821 28.96627
44.14717 41.8126 35.5853 26.14796 7.238317 30.09362 33.59868 19.89127 20.22295 27.94494 32.39313 24.05743 15.21085 12.59561 9.182523 16.13366 26.9228 30.23342 31.73538 40.25186 34.99417 14.33749 24.48541 37.35149 40.2359 35.73332 32.48873 29.23543 25.90757 24.82676 22.3818 15.86157 8.972715 12.27504 19.12897 21.42902 16.16874 15.55717 27.38338 36.78318 35.0306 33.21064 36.46176 35.53931 35.21545 36.05905 30.72785 30.43095 29.80326 26.74653 22.46041 22.48776 24.20871 25.86561 28.82141 33.96505 37.7971 37.11161 35.13941 27.99097 24.82692 27.21656 28.91891
30.62962 23.31017 24.15479 26.43216 20.70185 28.76524 36.38123 20.86473 17.99145 20.78145 26.4688 26.01044 20.61975 14.78813 8.452167 6.351628 9.876473 16.84114 21.23949 30.8413 40.37829 36.12888 24.45852 30.52811 35.67122 31.36457 31.17361 28.79204 22.66985 26.94618 29.78961 20.72256 8.828762 10.1188 16.42293 20.99034 18.10669 14.92529 20.35546 31.7381 32.66443 30.50838 36.61687 38.40126 36.38675 36.63859 34.55373 33.76981 32.62123 26.9557 24.91498 27.38706 26.62567 27.36252 33.6042 39.38364 39.56963 35.54554 32.18823 30.5631 28.09479 30.28677 30.99291
6.294162 15.91597 20.75255 23.43271 23.1925 32.36453 33.14243 20.02609 18.92574 19.64664 19.79403 21.89777 22.98351 17.93448 10.26209 7.910425 8.735944 9.648046 14.453 18.39851 26.38661 34.25185 34.47524 30.72206 31.57048 27.74286 29.03422 29.45419 21.04212 21.30937 29.80797 26.13223 14.0746 8.160986 13.33843 18.96284 19.37457 16.80832 17.62233 26.74015 30.21931 26.96828 32.29747 37.70944 36.00996 33.86077 30.35634 28.26449 28.46759 25.36614 26.02821 27.005 24.79101 29.80232 38.19136 40.07599 35.38297 31.09249 27.98598 26.44775 27.86401 30.89802 28.94348
3.337111 6.005046 9.383107 15.17031 12.98378 27.62082 24.0698 19.12989 19.60052 16.89737 13.22744 14.67732 20.48409 21.84322 16.43438 11.25858 11.16166 11.33143 9.906369 13.78593 16.18639 20.02479 25.45961 27.88795 25.60975 23.00353 26.04463 30.16563 23.83874 17.80368 24.93969 27.822 19.91117 8.52259 10.04314 16.49289 19.54755 19.40354 17.82489 21.57851 26.80804 25.64161 27.73326 34.23244 35.991 32.7238 28.33229 25.68974 25.33389 24.50494 25.21419 24.72619 26.99537 35.31293 38.88614 35.07216 30.44499 30.45224 26.74058 22.77824 25.49926 25.285 19.12137
1.377367 3.318698 5.661627 10.29697 11.67609 22.42616 18.49439 16.00942 14.70001 13.43137 10.79156 10.80017 15.21422 21.7027 21.98039 18.54678 16.67321 14.07192 11.78315 12.74458 12.61391 7.209817 15.27568 20.2268 16.9821 19.84986 26.35341 29.6587 24.67961 16.19606 18.61473 25.35226 23.7633 13.91838 6.855264 13.04775 17.61131 20.25267 21.35373 21.35551 22.46688 22.61518 23.8423 28.64715 34.55188 34.93225 28.905 20.37263 19.15199 22.3909 23.56881 25.32586 30.94411 35.68183 33.37352 28.87129 27.84547 27.16941 22.75284 21.35551 26.09188 27.13168 24.77199
