data/static/orig/slo_rofental_100.dat
ncols         183
nrows         158
xllcorner     629823,17944444
yllcorner     5180158,5011111
cellsize      100
NODATA_value  -9999
[rows 112 to 139 of 158, columns 63 to 125 of 183]
27.86361 25.26764 22.9046 22.1103 9.6736 16.16589 29.88696 29.27048 13.50208 15.85924 17.93548 16.86955 17.61516 21.02691 17.86042 16.48121 15.57596 15.3599 19.55471 22.25264 24.74862 26.42263 26.6936 23.50437 16.24089 9.034447 7.632223 11.20002 16.70937 19.24486 19.59338 21.25649 22.88823 20.47378 15.43242 13.91736 10.91765 9.988083 14.47188 17.93047 15.82858 15.06996 20.14916 18.43917 18.58845 25.96176 26.73519 22.23989 21.69687 24.62078 24.01256 19.34214 21.20704 5.640123 25.21404 28.99781 24.51193 22.20139 19.86784 20.43416 22.55647 24.19214 23.74285
26.45294 24.28011 23.23481 20.2851 17.4865 25.59486 26.95696 13.97305 13.84635 16.50345 14.38769 19.77155 22.5776 22.2412 18.52301 12.0964 8.102039 10.71832 16.8368 19.80064 25.11867 27.3692 26.52848 21.93454 13.7725 4.759135 9.365687 12.08482 15.97998 19.72118 18.19054 19.93387 23.82788 22.92544 15.23076 11.43655 10.41926 11.59895 12.64435 13.20902 14.61961 16.20515 18.00067 23.02549 24.70773 16.93644 11.78315 18.99263 23.29614 24.40282 21.97409 17.96949 11.22783 14.68275 29.56429 25.62053 22.46799 19.39947 19.56299 22.54949 24.78606 23.27701 24.13033
27.15256 25.36044 24.17555 21.45667 24.32933 25.37524 9.239542 12.91907 15.86827 16.94074 15.7653 18.70824 23.39162 22.67368 17.28993 9.705188 9.416268 12.73064 14.09072 18.43119 28.3947 29.80326 25.62463 19.45365 11.10341 3.902319 11.90582 12.08961 13.81378 17.46606 15.84844 16.79554 23.21438 25.11867 15.81016 10.24675 13.00477 15.64818 13.58358 11.00586 13.17136 16.22587 12.07041 12.71442 21.93301 27.78055 24.80124 15.42127 16.78249 24.33936 28.95971 26.93891 16.07871 26.84413 26.18437 21.26628 19.98875 20.44365 25.01943 29.57336 28.81342 25.45103 26.33207
23.35479 22.58347 21.1022 20.82161 26.46765 14.51116 10.99388 16.95553 18.36624 21.88396 21.07856 16.17472 16.96869 23.10114 18.05912 9.216457 12.45699 14.37294 11.45099 21.11835 32.09106 29.63565 23.99914 17.08202 7.771342 5.753858 13.39513 11.98319 12.55892 14.86556 15.6378 17.01344 23.24819 25.31828 17.41236 13.36557 19.18485 18.89487 14.10782 12.36152 12.46665 13.05068 11.26723 10.16245 11.17563 15.02337 21.45489 23.55276 26.5818 29.75754 21.97066 5.027983 24.79037 32.71749 19.6895 17.2366 21.85688 25.12884 27.41932 28.36198 25.60975 23.2721 24.2608
21.50729 22.01791 20.92654 24.69279 26.35007 16.14394 23.14529 19.24806 23.23288 21.62385 16.27484 12.27701 17.39572 20.76267 15.35353 10.00188 12.21832 13.55098 14.60578 26.6818 33.00255 28.16472 21.05063 13.2361 6.355599 7.675411 13.37092 13.64851 12.89123 13.90067 16.66086 20.00374 24.52574 23.41914 17.72029 19.07195 21.56911 15.14969 10.53022 11.04924 10.51718 8.906069 11.2048 12.78968 11.84711 12.07962 13.83539 17.19654 21.69007 28.46988 29.92521 22.0413 25.13557 29.20227 18.19422 20.05901 26.23545 28.88859 28.05193 23.96503 21.26948 19.31668 23.06114
32.22334 31.09892 29.01275 29.2041 22.29755 20.2851 31.53671 30.91849 21.77553 14.54128 10.09544 12.42797 18.82634 18.30222 13.25376 10.42208 10.44042 13.00955 21.68696 30.53081 32.19678 26.58166 16.03131 8.959429 5.555988 6.773275 12.0976 16.30476 16.08445 16.01691 18.02433 22.26706 25.15979 21.90985 14.46049 18.6997 20.91183 11.20002 7.610532 9.395755 9.086457 7.45685 9.60752 13.55273 13.0033 12.21042 12.92686 15.86157 17.21632 19.91051 22.32388 5.486251 25.99665 28.80142 23.50714 24.82086 25.78242 27.01963 27.41809 23.30281 20.66657 21.87302 27.83699
29.6309 23.94231 20.34401 12.99115 4.365615 16.46339 30.76353 36.10703 21.94927 8.771156 9.009698 13.18984 17.80241 16.55502 12.98709 12.81964 13.93471 18.11732 26.66017 31.16191 30.56692 23.01585 10.91049 5.767912 3.123658 6.957244 12.48786 18.00341 20.45124 18.94185 20.6489 23.9172 24.9107 18.09456 7.860959 17.05724 23.08568 12.74081 8.055051 8.170156 6.962302 6.539418 7.594717 12.97935 15.87847 14.82232 13.60876 13.95033 15.56254 21.31475 20.31405 13.53095 35.7188 34.25931 29.80032 25.21124 22.55335 23.35252 26.31055 25.90235 24.95298 27.79717 30.50545
4.160179 3.976074 8.395378 19.29187 26.668 24.83966 23.86398 32.0128 27.40082 11.86509 7.745538 10.98811 14.03894 17.24239 13.85456 11.19784 15.62949 22.77824 28.85634 30.5951 27.59178 17.54969 7.552372 3.844405 4.160179 10.52277 14.9419 18.76316 22.49459 21.19139 19.62259 22.48462 21.78848 10.55254 6.606129 20.16507 22.65798 12.36737 9.146828 8.099573 7.394033 7.788067 8.371 14.19961 20.98118 19.20228 15.2485 14.85611 18.2888 15.90988 16.17956 30.47757 35.92891 28.5366 21.62385 23.5657 25.52188 27.39864 29.61103 28.95079 29.84217 31.5764 30.9396
16.82406 15.62623 19.05969 27.57091 24.85877 21.54166 22.66547 27.19507 25.76739 13.50208 6.942771 8.347741 11.37557 16.23834 14.14495 12.39693 17.8438 25.04461 29.06083 28.0552 21.76161 11.92572 5.144738 3.523142 8.17382 12.48516 16.49678 21.26309 26.0535 24.54894 18.39924 19.11237 15.23168 4.859509 12.03512 25.1041 18.75748 11.7469 14.35884 11.7963 10.69638 9.990055 8.896585 13.96594 29.11785 30.67378 28.88859 25.74858 16.4151 8.493908 28.24911 30.86262 29.47762 25.48534 18.6902 20.47251 24.99184 28.81442 28.64564 25.38494 28.26707 30.90154 28.6119
21.39419 20.06787 20.86473 22.38644 17.03295 17.4004 19.7391 20.56651 17.69433 11.72583 8.901607 10.01123 12.00979 13.98254 11.91191 15.65706 24.13649 29.51346 29.09342 23.26718 15.24269 6.544811 4.000353 6.962302 9.802814 12.97234 21.01331 26.8932 28.17122 22.3026 14.97099 12.95018 12.22464 14.03793 23.86398 28.01158 16.97486 15.1866 18.45366 13.00035 10.73064 8.990399 7.377052 12.67281 35.75495 39.02735 33.73563 25.98241 12.60438 22.3194 21.03725 15.29671 19.75522 19.99418 17.01156 20.56274 24.92148 23.8611 20.71138 21.12157 26.17146 29.16745 26.16852
17.44766 11.92572 12.4423 13.34594 11.96258 13.43137 16.27908 14.57841 12.12831 8.85405 8.862462 12.54704 12.01703 12.71744 14.97661 24.01608 31.1904 31.8865 27.16638 18.53094 9.355112 3.844405 8.070539 8.67539 10.6298 16.11537 24.82947 25.43998 20.55186 13.69057 7.485037 8.289595 18.57313 24.70757 26.9877 23.52374 14.09575 14.86651 16.15991 10.14308 8.121123 7.621057 7.874944 14.49462 36.60997 42.83107 15.76559 22.75938 22.34681 22.45764 17.58978 15.20717 17.59208 18.91732 20.46894 22.00326 21.62014 18.0191 17.06044 22.04833 24.49762 25.57737 23.5838
13.46465 3.463236 3.363021 8.347741 14.22386 14.64529 12.74081 10.49665 8.366831 7.667577 10.70416 12.7442 13.10589 18.67785 25.63433 31.51105 32.74942 28.44307 20.95776 10.71787 6.387274 10.13046 9.395228 8.789272 13.73178 19.55225 22.45597 19.26998 16.07441 12.89829 8.809041 13.84669 27.77536 28.50047 21.25649 15.02555 10.73064 14.57486 15.15431 9.677172 7.137698 7.345016 9.280727 14.65971 34.92226 43.44097 15.91278 25.37354 27.65624 24.76223 21.86649 20.92818 21.38884 23.07199 25.54919 21.18296 15.53896 16.94074 21.62014 25.84841 23.56743 21.46199 20.92675
20.14787 12.82787 6.395956 10.42208 19.34509 18.76599 14.13192 12.6546 11.91557 11.86794 13.75147 16.18838 21.83995 27.8816 31.09511 31.62718 28.02259 22.1494 13.27067 3.337111 9.332333 10.57296 8.549422 9.126208 17.4927 21.64082 19.73114 15.77733 16.47954 18.63882 19.90111 26.01044 33.39341 28.65775 18.37644 12.66598 14.08099 18.54438 15.88807 9.988083 7.309402 5.994936 8.05443 11.67609 30.54421 40.25568 23.2334 13.25988 29.16745 27.54165 24.83839 24.90309 26.88407 28.7438 27.13265 20.66969 15.24269 18.43022 24.86242 24.81336 19.71631 18.47874 20.08235
29.89914 27.00221 18.0064 16.91463 25.70107 23.89745 20.89587 19.99418 18.93788 18.8181 20.74677 24.34971 28.02574 29.29659 29.20166 26.69304 20.11429 14.84791 6.965913 7.223734 8.874225 8.160986 8.356695 11.50435 21.26848 23.63195 20.56881 16.1676 17.89436 25.43998 27.54219 31.20565 32.85071 24.4128 16.63448 16.39496 18.50065 17.45855 11.53345 7.735191 7.555026 6.738994 8.198209 10.5372 20.99929 33.08041 36.20893 12.63865 26.61911 27.88266 29.08654 32.75887 35.79576 33.72969 25.82984 16.37366 15.28208 18.57194 20.76742 19.36029 17.69586 17.87728 19.21191
30.18806 34.68442 33.76268 22.6567 26.84708 23.86313 20.27998 20.14637 20.00178 20.6622 23.10185 25.29197 27.78214 28.11201 26.60911 21.59494 12.41557 7.097459 7.018409 8.838886 8.628813 8.236466 9.946574 14.72871 23.00585 23.20326 18.87823 17.28652 22.02818 31.13186 32.14283 30.89042 27.21505 19.12989 20.05663 22.3483 17.65965 11.93505 7.477665 6.544811 8.178704 9.698065 10.1813 10.80877 15.60811 25.77265 39.4061 25.59866 20.5093 24.97574 26.87789 38.66452 39.2681 32.77736 24.13033 18.33366 20.70807 23.10753 20.88113 18.45052 17.51748 17.19099 17.53656
29.40785 33.92083 38.3862 26.41685 25.35612 22.73741 16.34446 17.78117 20.80617 22.92616 24.60011 26.35472 28.11501 25.76438 21.41874 14.81726 5.465894 2.220254 5.879971 7.310088 9.336576 9.156577 12.13468 17.94049 23.16936 20.74118 16.22502 17.7794 27.81842 35.56046 33.90451 27.79331 19.87836 14.24243 18.12967 14.70798 12.09401 10.63026 8.420273 7.797699 8.461003 9.140864 9.60752 10.42585 17.24555 32.65929 38.24847 22.31044 9.6736 22.55537 29.59423 38.92188 36.60647 27.48852 23.78661 20.54621 21.17874 22.65323 20.14916 17.87904 16.77269 16.08445 15.66861
31.49002 27.17645 32.04756 23.7454 22.27343 20.61975 15.81689 17.57976 18.81693 19.57216 21.61272 25.02573 24.97037 19.83142 14.33255 6.983217 1.623297 3.553431 4.284403 8.072395 11.00453 10.49431 15.65558 20.54809 20.81111 17.1931 15.06251 22.24664 35.04216 40.25814 34.14515 23.5638 16.55308 14.3926 14.13961 10.26927 11.12228 14.00689 12.70762 11.0823 9.166857 7.891438 8.055051 10.67943 19.9151 36.17714 29.82537 11.52966 28.02875 32.27287 26.4502 29.08654 32.51252 28.96256 24.46064 21.18436 21.27547 20.31469 18.31758 16.64273 15.50424 14.56809 13.70305
32.29383 31.34046 32.33184 21.56676 19.69371 17.837 14.29368 15.527 17.47227 16.20202 18.40336 22.74195 18.93134 12.27701 6.510832 2.594379 4.718376 4.507831 7.950772 12.43997 13.22888 14.27717 20.55772 21.61858 17.68287 14.66291 13.19925 26.70255 40.9794 39.30291 25.57204 16.84114 14.85106 15.05538 14.60321 14.95348 14.22253 13.49644 12.16448 10.34978 10.07397 10.55254 10.78748 13.34701 23.00264 28.30178 22.59173 37.14288 38.88742 34.84874 29.66808 24.1621 19.46627 23.42315 25.45961 22.00249 20.05122 18.05117 16.45001 15.0591 13.98558 13.04445 12.05559
24.04957 34.48941 40.15101 30.68506 19.86324 13.90919 11.51828 15.86099 17.25318 13.8761 15.59532 17.81151 12.6261 5.052157 2.087132 6.13738 6.492997 7.018409 12.75926 16.91463 15.89156 17.47615 22.0544 19.51527 15.38412 13.83093 12.96053 31.50022 42.02919 34.42128 15.85049 13.93471 15.10988 14.63374 13.886 15.76089 14.57196 12.11037 11.74896 10.78794 10.85436 11.87284 12.97714 14.55647 17.31613 14.79447 35.20249 38.79961 36.18351 35.66133 34.86146 31.58486 27.18307 25.2709 24.03216 19.94085 17.76293 16.10851 14.74908 13.60981 12.55011 11.63029 10.71832
16.94585 27.86917 39.91517 35.68857 19.79403 14.84507 17.8926 20.85653 17.00487 12.14104 12.30956 13.70721 10.74386 4.10595 6.457954 6.991853 7.970238 9.876473 15.89418 19.79733 16.47537 16.79636 18.80491 14.4826 11.72707 13.28397 15.97998 35.2638 40.04331 31.4145 21.07553 15.12502 15.55568 14.06049 13.08398 18.38032 19.42275 18.49776 18.66144 18.84326 16.11766 13.49855 12.39693 14.52024 9.216457 17.1033 28.41685 26.10088 26.75871 26.247 23.65255 19.15935 16.13366 16.93913 17.70426 16.50206 15.3171 14.20792 13.10844 12.20766 11.32799 10.37583 9.447735
21.46298 22.53587 33.66883 36.54679 29.09243 24.80379 23.77555 20.73684 16.33574 12.72875 9.633703 10.60812 7.303219 6.37937 8.334591 9.229886 11.1887 13.51828 15.80752 18.31588 14.77195 14.10782 13.20576 11.07482 10.76615 13.72659 16.54505 31.34689 37.7741 32.18211 24.78606 15.32773 15.46312 13.68501 12.74458 23.9037 24.70709 23.93692 23.26103 25.10113 24.13882 18.94698 13.22744 10.74568 5.394023 24.82851 27.8395 20.43036 14.92184 14.56809 9.997939 7.774562 9.16253 12.17043 13.51969 13.4058 13.06203 12.49903 11.58219 10.78748 10.1813 9.420996 8.505042
28.28385 24.6111 33.11675 36.38509 36.02172 27.98099 19.04093 16.06724 16.59398 14.36212 9.331802 6.539418 3.032355 8.010891 11.13367 13.00146 14.4083 14.79162 13.09677 15.02026 14.02613 8.44686 8.701723 10.3284 11.9739 17.81984 19.41936 22.56383 32.97548 36.23804 28.2894 14.42659 14.72425 13.58078 13.65408 29.78737 28.57366 30.29397 33.18544 30.02711 23.34343 18.63119 14.16564 5.94157 24.48655 32.91702 26.9687 19.43629 12.51249 9.009698 4.2137 3.457335 6.91373 9.509811 10.91721 11.1887 11.25902 10.9672 10.31984 9.705188 9.216457 8.52259 7.797699
28.15836 24.14498 30.1397 28.03713 28.63996 21.81105 11.70058 14.72871 15.0327 11.066 8.753001 1.996855 8.693146 11.9549 13.44094 15.41523 16.02786 14.5826 12.18985 11.80903 12.70497 7.673453 9.815383 11.73575 14.70671 23.02549 23.77964 20.8924 19.02075 31.59669 38.17652 24.77119 12.95609 15.3098 17.81606 34.38346 36.59373 36.48721 34.56784 29.25284 19.40377 10.83498 9.436734 18.61497 29.16782 25.64858 17.53424 13.39513 9.522798 6.816982 4.991498 4.733434 6.548661 8.222522 9.267912 9.754385 9.808849 9.578681 9.220757 8.756409 8.366235 7.834187 7.237623
24.49192 18.37062 26.32335 23.66369 25.3073 15.13982 8.102039 11.68938 6.866266 3.844405 8.572682 11.81477 14.78211 15.20931 16.3042 17.03883 16.3242 14.92058 13.64225 10.7434 10.8755 12.73855 17.74518 21.84803 27.23197 31.01305 27.04288 18.66834 15.0777 23.16776 37.28203 33.63305 14.42659 14.77544 23.10327 38.63194 36.39076 10.83813 25.56458 34.61165 26.29017 19.18623 19.04857 20.71511 24.13965 22.33619 17.01344 11.83443 8.70458 6.91373 6.04531 6.055333 6.727777 7.555026 8.276949 8.672523 8.649547 8.601086 8.344754 7.874309 7.483027 7.262553 6.855264
24.97653 14.53545 32.21093 30.05229 19.07195 11.02049 8.741065 5.954321 0.7303412 4.10595 12.05118 18.78558 20.03129 20.31341 20.86022 18.73762 16.37366 14.54224 13.49185 12.28329 12.7938 23.59413 34.29939 40.34967 43.22838 39.15678 27.70616 16.85847 14.87785 21.28983 31.86937 33.97236 20.2595 12.36425 24.16293 35.14418 16.89602 28.6604 43.35565 42.98119 37.46736 32.73573 24.73997 15.17185 16.90897 18.58988 17.65735 13.88327 9.868985 7.851408 6.914457 6.718788 6.816982 7.212603 7.657773 7.789995 7.735191 7.899672 7.709259 7.214691 6.828785 6.673659 6.462638
25.56108 20.37009 38.65524 28.49092 14.42398 16.64932 9.746795 6.582438 13.2552 17.05484 21.19139 26.3714 28.3368 25.16182 22.02305 19.12897 16.86685 13.61958 11.85038 12.65498 15.17031 31.03481 44.30459 46.31931 40.92013 28.28385 18.89931 18.01736 22.50621 26.52059 29.30629 28.04303 21.86322 16.74871 21.07533 29.10717 6.520891 39.41248 44.5018 42.59935 38.69722 36.38887 34.03255 25.94094 20.41833 19.50921 18.36357 14.39881 10.39332 8.276949 7.435298 6.948564 6.766582 6.986097 7.173502 7.126427 7.03558 7.198664 7.137698 6.694758 6.406201 6.194717 5.957716
22.90676 25.1551 39.60718 27.66522 18.48236 15.42489 17.35611 21.04718 20.62204 26.3669 32.20319 31.69691 30.88678 26.05439 22.59961 17.96749 14.26626 10.91855 9.788212 11.38412 12.89829 28.55501 45.61716 41.38454 23.87243 22.43376 15.53896 24.8057 32.56129 31.84235 27.49786 20.79546 18.34023 19.9535 19.5735 23.97831 17.022 44.41666 42.26992 38.9422 34.07874 32.7918 37.83418 38.99171 30.8592 22.41522 17.11153 12.6993 9.876473 8.209159 7.391998 6.832469 6.593913 6.762861 6.727777 6.544811 6.615275 6.574011 6.561733 6.302977 5.994936 5.852379 5.512049
17.38114 27.08734 37.91401 25.04147 15.5977 23.97831 33.03403 28.95624 21.85168 31.34636 37.55542 33.089 28.15953 21.56911 16.26354 13.12957 11.02934 10.34978 9.173343 8.943345 11.71259 25.00919 43.99119 48.76926 20.99746 31.31728 24.11435 35.75405 37.24178 30.06585 22.3483 15.97767 15.51981 20.7062 21.88396 9.179824 31.40906 44.07237 39.49736 38.33021 32.58119 24.88769 26.60625 30.79659 26.17102 18.2043 13.48479 10.64913 8.844505 7.647302 6.991853 6.600787 6.387274 6.361947 6.194717 6.101055 6.255548 6.075328 6.065339 6.009253 5.614026 5.461256 5.249192
